-1856.7 -1032.29 1000
-1035.64 -1032.29 1000
-670.733 -1032.29 1000
-508.55 -1032.29 1000
-436.468 -1032.29 1000
-404.432 -1032.29 1000
-390.194 -1032.29 1000
-383.866 -1032.29 1000
-381.053 -1032.29 1000
-379.803 -1032.29 1000
-378.638 -1032.29 1000
-376.578 -1032.29 1000
-372.932 -1032.29 1000
-366.484 -1032.29 1000
-355.078 -1032.29 1000
-334.902 -1032.29 1000
-314.725 -1032.29 1000
-303.319 -1032.29 1000
-296.871 -1032.29 1000
-293.226 -1032.29 1000
-291.165 -1032.29 1000
-290 -1032.29 1000
-288.835 -1032.29 1000
-286.774 -1032.29 1000
-283.129 -1032.29 1000
-276.681 -1032.29 1000
-265.275 -1032.29 1000
-245.098 -1032.29 1000
-209.408 -1032.29 1000
-141.67 -1032.29 1000
10.7404 -1032.29 1000
353.665 -1032.29 1000
991.277 -1032.29 1000
-1856.7 -494.442 1000
-1035.64 -494.442 1000
-670.733 -494.442 1000
-508.55 -494.442 1000
-436.468 -494.442 1000
-404.432 -494.442 1000
-390.194 -494.442 1000
-383.866 -494.442 1000
-381.053 -494.442 1000
-379.803 -494.442 1000
-378.638 -494.442 1000
-376.578 -494.442 1000
-372.932 -494.442 1000
-366.484 -494.442 1000
-355.078 -494.442 1000
-334.902 -494.442 1000
-314.725 -494.442 1000
-303.319 -494.442 1000
-296.871 -494.442 1000
-293.226 -494.442 1000
-291.165 -494.442 1000
-290 -494.442 1000
-288.835 -494.442 1000
-286.774 -494.442 1000
-283.129 -494.442 1000
-276.681 -494.442 1000
-265.275 -494.442 1000
-245.098 -494.442 1000
-209.408 -494.442 1000
-141.67 -494.442 1000
10.7404 -494.442 1000
353.665 -494.442 1000
991.277 -494.442 1000
-1856.7 -255.398 1000
-1035.64 -255.398 1000
-670.733 -255.398 1000
-508.55 -255.398 1000
-436.468 -255.398 1000
-404.432 -255.398 1000
-390.194 -255.398 1000
-383.866 -255.398 1000
-381.053 -255.398 1000
-379.803 -255.398 1000
-378.638 -255.398 1000
-376.578 -255.398 1000
-372.932 -255.398 1000
-366.484 -255.398 1000
-355.078 -255.398 1000
-334.902 -255.398 1000
-314.725 -255.398 1000
-303.319 -255.398 1000
-296.871 -255.398 1000
-293.226 -255.398 1000
-291.165 -255.398 1000
-290 -255.398 1000
-288.835 -255.398 1000
-286.774 -255.398 1000
-283.129 -255.398 1000
-276.681 -255.398 1000
-265.275 -255.398 1000
-245.098 -255.398 1000
-209.408 -255.398 1000
-141.67 -255.398 1000
10.7404 -255.398 1000
353.665 -255.398 1000
991.277 -255.398 1000
-1856.7 -143.724 1000
-1035.64 -143.724 1000
-670.733 -143.724 1000
-508.55 -143.724 1000
-436.468 -143.724 1000
-404.432 -143.724 1000
-390.194 -143.724 1000
-383.866 -143.724 1000
-381.053 -143.724 1000
-379.803 -143.724 1000
-378.638 -143.724 1000
-376.578 -143.724 1000
-372.932 -143.724 1000
-366.484 -143.724 1000
-355.078 -143.724 1000
-334.902 -143.724 1000
-314.725 -143.724 1000
-303.319 -143.724 1000
-296.871 -143.724 1000
-293.226 -143.724 1000
-291.165 -143.724 1000
-290 -143.724 1000
-288.835 -143.724 1000
-286.774 -143.724 1000
-283.129 -143.724 1000
-276.681 -143.724 1000
-265.275 -143.724 1000
-245.098 -143.724 1000
-209.408 -143.724 1000
-141.67 -143.724 1000
10.7404 -143.724 1000
353.665 -143.724 1000
991.277 -143.724 1000
-1856.7 -80.5916 1000
-1035.64 -80.5916 1000
-670.733 -80.5916 1000
-508.55 -80.5916 1000
-436.468 -80.5916 1000
-404.432 -80.5916 1000
-390.194 -80.5916 1000
-383.866 -80.5916 1000
-381.053 -80.5916 1000
-379.803 -80.5916 1000
-378.638 -80.5916 1000
-376.578 -80.5916 1000
-372.932 -80.5916 1000
-366.484 -80.5916 1000
-355.078 -80.5916 1000
-334.902 -80.5916 1000
-314.725 -80.5916 1000
-303.319 -80.5916 1000
-296.871 -80.5916 1000
-293.226 -80.5916 1000
-291.165 -80.5916 1000
-290 -80.5916 1000
-288.835 -80.5916 1000
-286.774 -80.5916 1000
-283.129 -80.5916 1000
-276.681 -80.5916 1000
-265.275 -80.5916 1000
-245.098 -80.5916 1000
-209.408 -80.5916 1000
-141.67 -80.5916 1000
10.7404 -80.5916 1000
353.665 -80.5916 1000
991.277 -80.5916 1000
-1856.7 -44.9017 1000
-1035.64 -44.9017 1000
-670.733 -44.9017 1000
-508.55 -44.9017 1000
-436.468 -44.9017 1000
-404.432 -44.9017 1000
-390.194 -44.9017 1000
-383.866 -44.9017 1000
-381.053 -44.9017 1000
-379.803 -44.9017 1000
-378.638 -44.9017 1000
-376.578 -44.9017 1000
-372.932 -44.9017 1000
-366.484 -44.9017 1000
-355.078 -44.9017 1000
-334.902 -44.9017 1000
-314.725 -44.9017 1000
-303.319 -44.9017 1000
-296.871 -44.9017 1000
-293.226 -44.9017 1000
-291.165 -44.9017 1000
-290 -44.9017 1000
-288.835 -44.9017 1000
-286.774 -44.9017 1000
-283.129 -44.9017 1000
-276.681 -44.9017 1000
-265.275 -44.9017 1000
-245.098 -44.9017 1000
-209.408 -44.9017 1000
-141.67 -44.9017 1000
10.7404 -44.9017 1000
353.665 -44.9017 1000
991.277 -44.9017 1000
-1856.7 -24.7254 1000
-1035.64 -24.7254 1000
-670.733 -24.7254 1000
-508.55 -24.7254 1000
-436.468 -24.7254 1000
-404.432 -24.7254 1000
-390.194 -24.7254 1000
-383.866 -24.7254 1000
-381.053 -24.7254 1000
-379.803 -24.7254 1000
-378.638 -24.7254 1000
-376.578 -24.7254 1000
-372.932 -24.7254 1000
-366.484 -24.7254 1000
-355.078 -24.7254 1000
-334.902 -24.7254 1000
-314.725 -24.7254 1000
-303.319 -24.7254 1000
-296.871 -24.7254 1000
-293.226 -24.7254 1000
-291.165 -24.7254 1000
-290 -24.7254 1000
-288.835 -24.7254 1000
-286.774 -24.7254 1000
-283.129 -24.7254 1000
-276.681 -24.7254 1000
-265.275 -24.7254 1000
-245.098 -24.7254 1000
-209.408 -24.7254 1000
-141.67 -24.7254 1000
10.7404 -24.7254 1000
353.665 -24.7254 1000
991.277 -24.7254 1000
-1856.7 -13.3192 1000
-1035.64 -13.3192 1000
-670.733 -13.3192 1000
-508.55 -13.3192 1000
-436.468 -13.3192 1000
-404.432 -13.3192 1000
-390.194 -13.3192 1000
-383.866 -13.3192 1000
-381.053 -13.3192 1000
-379.803 -13.3192 1000
-378.638 -13.3192 1000
-376.578 -13.3192 1000
-372.932 -13.3192 1000
-366.484 -13.3192 1000
-355.078 -13.3192 1000
-334.902 -13.3192 1000
-314.725 -13.3192 1000
-303.319 -13.3192 1000
-296.871 -13.3192 1000
-293.226 -13.3192 1000
-291.165 -13.3192 1000
-290 -13.3192 1000
-288.835 -13.3192 1000
-286.774 -13.3192 1000
-283.129 -13.3192 1000
-276.681 -13.3192 1000
-265.275 -13.3192 1000
-245.098 -13.3192 1000
-209.408 -13.3192 1000
-141.67 -13.3192 1000
10.7404 -13.3192 1000
353.665 -13.3192 1000
991.277 -13.3192 1000
-1856.7 -6.87106 1000
-1035.64 -6.87106 1000
-670.733 -6.87106 1000
-508.55 -6.87106 1000
-436.468 -6.87106 1000
-404.432 -6.87106 1000
-390.194 -6.87106 1000
-383.866 -6.87106 1000
-381.053 -6.87106 1000
-379.803 -6.87106 1000
-378.638 -6.87106 1000
-376.578 -6.87106 1000
-372.932 -6.87106 1000
-366.484 -6.87106 1000
-355.078 -6.87106 1000
-334.902 -6.87106 1000
-314.725 -6.87106 1000
-303.319 -6.87106 1000
-296.871 -6.87106 1000
-293.226 -6.87106 1000
-291.165 -6.87106 1000
-290 -6.87106 1000
-288.835 -6.87106 1000
-286.774 -6.87106 1000
-283.129 -6.87106 1000
-276.681 -6.87106 1000
-265.275 -6.87106 1000
-245.098 -6.87106 1000
-209.408 -6.87106 1000
-141.67 -6.87106 1000
10.7404 -6.87106 1000
353.665 -6.87106 1000
991.277 -6.87106 1000
-1856.7 -3.22577 1000
-1035.64 -3.22577 1000
-670.733 -3.22577 1000
-508.55 -3.22577 1000
-436.468 -3.22577 1000
-404.432 -3.22577 1000
-390.194 -3.22577 1000
-383.866 -3.22577 1000
-381.053 -3.22577 1000
-379.803 -3.22577 1000
-378.638 -3.22577 1000
-376.578 -3.22577 1000
-372.932 -3.22577 1000
-366.484 -3.22577 1000
-355.078 -3.22577 1000
-334.902 -3.22577 1000
-314.725 -3.22577 1000
-303.319 -3.22577 1000
-296.871 -3.22577 1000
-293.226 -3.22577 1000
-291.165 -3.22577 1000
-290 -3.22577 1000
-288.835 -3.22577 1000
-286.774 -3.22577 1000
-283.129 -3.22577 1000
-276.681 -3.22577 1000
-265.275 -3.22577 1000
-245.098 -3.22577 1000
-209.408 -3.22577 1000
-141.67 -3.22577 1000
10.7404 -3.22577 1000
353.665 -3.22577 1000
991.277 -3.22577 1000
-1856.7 -1.165 1000
-1035.64 -1.165 1000
-670.733 -1.165 1000
-508.55 -1.165 1000
-436.468 -1.165 1000
-404.432 -1.165 1000
-390.194 -1.165 1000
-383.866 -1.165 1000
-381.053 -1.165 1000
-379.803 -1.165 1000
-378.638 -1.165 1000
-376.578 -1.165 1000
-372.932 -1.165 1000
-366.484 -1.165 1000
-355.078 -1.165 1000
-334.902 -1.165 1000
-314.725 -1.165 1000
-303.319 -1.165 1000
-296.871 -1.165 1000
-293.226 -1.165 1000
-291.165 -1.165 1000
-290 -1.165 1000
-288.835 -1.165 1000
-286.774 -1.165 1000
-283.129 -1.165 1000
-276.681 -1.165 1000
-265.275 -1.165 1000
-245.098 -1.165 1000
-209.408 -1.165 1000
-141.67 -1.165 1000
10.7404 -1.165 1000
353.665 -1.165 1000
991.277 -1.165 1000
-1856.7 0 1000
-1035.64 0 1000
-670.733 0 1000
-508.55 0 1000
-436.468 0 1000
-404.432 0 1000
-390.194 0 1000
-383.866 0 1000
-381.053 0 1000
-379.803 0 1000
-378.638 0 1000
-376.578 0 1000
-372.932 0 1000
-366.484 0 1000
-355.078 0 1000
-334.902 0 1000
-314.725 0 1000
-303.319 0 1000
-296.871 0 1000
-293.226 0 1000
-291.165 0 1000
-290 0 1000
-288.835 0 1000
-286.774 0 1000
-283.129 0 1000
-276.681 0 1000
-265.275 0 1000
-245.098 0 1000
-209.408 0 1000
-141.67 0 1000
10.7404 0 1000
353.665 0 1000
991.277 0 1000
-1856.7 1.165 1000
-1035.64 1.165 1000
-670.733 1.165 1000
-508.55 1.165 1000
-436.468 1.165 1000
-404.432 1.165 1000
-390.194 1.165 1000
-383.866 1.165 1000
-381.053 1.165 1000
-379.803 1.165 1000
-378.638 1.165 1000
-376.578 1.165 1000
-372.932 1.165 1000
-366.484 1.165 1000
-355.078 1.165 1000
-334.902 1.165 1000
-314.725 1.165 1000
-303.319 1.165 1000
-296.871 1.165 1000
-293.226 1.165 1000
-291.165 1.165 1000
-290 1.165 1000
-288.835 1.165 1000
-286.774 1.165 1000
-283.129 1.165 1000
-276.681 1.165 1000
-265.275 1.165 1000
-245.098 1.165 1000
-209.408 1.165 1000
-141.67 1.165 1000
10.7404 1.165 1000
353.665 1.165 1000
991.277 1.165 1000
-1856.7 3.22577 1000
-1035.64 3.22577 1000
-670.733 3.22577 1000
-508.55 3.22577 1000
-436.468 3.22577 1000
-404.432 3.22577 1000
-390.194 3.22577 1000
-383.866 3.22577 1000
-381.053 3.22577 1000
-379.803 3.22577 1000
-378.638 3.22577 1000
-376.578 3.22577 1000
-372.932 3.22577 1000
-366.484 3.22577 1000
-355.078 3.22577 1000
-334.902 3.22577 1000
-314.725 3.22577 1000
-303.319 3.22577 1000
-296.871 3.22577 1000
-293.226 3.22577 1000
-291.165 3.22577 1000
-290 3.22577 1000
-288.835 3.22577 1000
-286.774 3.22577 1000
-283.129 3.22577 1000
-276.681 3.22577 1000
-265.275 3.22577 1000
-245.098 3.22577 1000
-209.408 3.22577 1000
-141.67 3.22577 1000
10.7404 3.22577 1000
353.665 3.22577 1000
991.277 3.22577 1000
-1856.7 6.87106 1000
-1035.64 6.87106 1000
-670.733 6.87106 1000
-508.55 6.87106 1000
-436.468 6.87106 1000
-404.432 6.87106 1000
-390.194 6.87106 1000
-383.866 6.87106 1000
-381.053 6.87106 1000
-379.803 6.87106 1000
-378.638 6.87106 1000
-376.578 6.87106 1000
-372.932 6.87106 1000
-366.484 6.87106 1000
-355.078 6.87106 1000
-334.902 6.87106 1000
-314.725 6.87106 1000
-303.319 6.87106 1000
-296.871 6.87106 1000
-293.226 6.87106 1000
-291.165 6.87106 1000
-290 6.87106 1000
-288.835 6.87106 1000
-286.774 6.87106 1000
-283.129 6.87106 1000
-276.681 6.87106 1000
-265.275 6.87106 1000
-245.098 6.87106 1000
-209.408 6.87106 1000
-141.67 6.87106 1000
10.7404 6.87106 1000
353.665 6.87106 1000
991.277 6.87106 1000
-1856.7 13.3192 1000
-1035.64 13.3192 1000
-670.733 13.3192 1000
-508.55 13.3192 1000
-436.468 13.3192 1000
-404.432 13.3192 1000
-390.194 13.3192 1000
-383.866 13.3192 1000
-381.053 13.3192 1000
-379.803 13.3192 1000
-378.638 13.3192 1000
-376.578 13.3192 1000
-372.932 13.3192 1000
-366.484 13.3192 1000
-355.078 13.3192 1000
-334.902 13.3192 1000
-314.725 13.3192 1000
-303.319 13.3192 1000
-296.871 13.3192 1000
-293.226 13.3192 1000
-291.165 13.3192 1000
-290 13.3192 1000
-288.835 13.3192 1000
-286.774 13.3192 1000
-283.129 13.3192 1000
-276.681 13.3192 1000
-265.275 13.3192 1000
-245.098 13.3192 1000
-209.408 13.3192 1000
-141.67 13.3192 1000
10.7404 13.3192 1000
353.665 13.3192 1000
991.277 13.3192 1000
-1856.7 24.7254 1000
-1035.64 24.7254 1000
-670.733 24.7254 1000
-508.55 24.7254 1000
-436.468 24.7254 1000
-404.432 24.7254 1000
-390.194 24.7254 1000
-383.866 24.7254 1000
-381.053 24.7254 1000
-379.803 24.7254 1000
-378.638 24.7254 1000
-376.578 24.7254 1000
-372.932 24.7254 1000
-366.484 24.7254 1000
-355.078 24.7254 1000
-334.902 24.7254 1000
-314.725 24.7254 1000
-303.319 24.7254 1000
-296.871 24.7254 1000
-293.226 24.7254 1000
-291.165 24.7254 1000
-290 24.7254 1000
-288.835 24.7254 1000
-286.774 24.7254 1000
-283.129 24.7254 1000
-276.681 24.7254 1000
-265.275 24.7254 1000
-245.098 24.7254 1000
-209.408 24.7254 1000
-141.67 24.7254 1000
10.7404 24.7254 1000
353.665 24.7254 1000
991.277 24.7254 1000
-1856.7 44.9017 1000
-1035.64 44.9017 1000
-670.733 44.9017 1000
-508.55 44.9017 1000
-436.468 44.9017 1000
-404.432 44.9017 1000
-390.194 44.9017 1000
-383.866 44.9017 1000
-381.053 44.9017 1000
-379.803 44.9017 1000
-378.638 44.9017 1000
-376.578 44.9017 1000
-372.932 44.9017 1000
-366.484 44.9017 1000
-355.078 44.9017 1000
-334.902 44.9017 1000
-314.725 44.9017 1000
-303.319 44.9017 1000
-296.871 44.9017 1000
-293.226 44.9017 1000
-291.165 44.9017 1000
-290 44.9017 1000
-288.835 44.9017 1000
-286.774 44.9017 1000
-283.129 44.9017 1000
-276.681 44.9017 1000
-265.275 44.9017 1000
-245.098 44.9017 1000
-209.408 44.9017 1000
-141.67 44.9017 1000
10.7404 44.9017 1000
353.665 44.9017 1000
991.277 44.9017 1000
-1856.7 80.5916 1000
-1035.64 80.5916 1000
-670.733 80.5916 1000
-508.55 80.5916 1000
-436.468 80.5916 1000
-404.432 80.5916 1000
-390.194 80.5916 1000
-383.866 80.5916 1000
-381.053 80.5916 1000
-379.803 80.5916 1000
-378.638 80.5916 1000
-376.578 80.5916 1000
-372.932 80.5916 1000
-366.484 80.5916 1000
-355.078 80.5916 1000
-334.902 80.5916 1000
-314.725 80.5916 1000
-303.319 80.5916 1000
-296.871 80.5916 1000
-293.226 80.5916 1000
-291.165 80.5916 1000
-290 80.5916 1000
-288.835 80.5916 1000
-286.774 80.5916 1000
-283.129 80.5916 1000
-276.681 80.5916 1000
-265.275 80.5916 1000
-245.098 80.5916 1000
-209.408 80.5916 1000
-141.67 80.5916 1000
10.7404 80.5916 1000
353.665 80.5916 1000
991.277 80.5916 1000
-1856.7 143.724 1000
-1035.64 143.724 1000
-670.733 143.724 1000
-508.55 143.724 1000
-436.468 143.724 1000
-404.432 143.724 1000
-390.194 143.724 1000
-383.866 143.724 1000
-381.053 143.724 1000
-379.803 143.724 1000
-378.638 143.724 1000
-376.578 143.724 1000
-372.932 143.724 1000
-366.484 143.724 1000
-355.078 143.724 1000
-334.902 143.724 1000
-314.725 143.724 1000
-303.319 143.724 1000
-296.871 143.724 1000
-293.226 143.724 1000
-291.165 143.724 1000
-290 143.724 1000
-288.835 143.724 1000
-286.774 143.724 1000
-283.129 143.724 1000
-276.681 143.724 1000
-265.275 143.724 1000
-245.098 143.724 1000
-209.408 143.724 1000
-141.67 143.724 1000
10.7404 143.724 1000
353.665 143.724 1000
991.277 143.724 1000
-1856.7 255.398 1000
-1035.64 255.398 1000
-670.733 255.398 1000
-508.55 255.398 1000
-436.468 255.398 1000
-404.432 255.398 1000
-390.194 255.398 1000
-383.866 255.398 1000
-381.053 255.398 1000
-379.803 255.398 1000
-378.638 255.398 1000
-376.578 255.398 1000
-372.932 255.398 1000
-366.484 255.398 1000
-355.078 255.398 1000
-334.902 255.398 1000
-314.725 255.398 1000
-303.319 255.398 1000
-296.871 255.398 1000
-293.226 255.398 1000
-291.165 255.398 1000
-290 255.398 1000
-288.835 255.398 1000
-286.774 255.398 1000
-283.129 255.398 1000
-276.681 255.398 1000
-265.275 255.398 1000
-245.098 255.398 1000
-209.408 255.398 1000
-141.67 255.398 1000
10.7404 255.398 1000
353.665 255.398 1000
991.277 255.398 1000
-1856.7 494.442 1000
-1035.64 494.442 1000
-670.733 494.442 1000
-508.55 494.442 1000
-436.468 494.442 1000
-404.432 494.442 1000
-390.194 494.442 1000
-383.866 494.442 1000
-381.053 494.442 1000
-379.803 494.442 1000
-378.638 494.442 1000
-376.578 494.442 1000
-372.932 494.442 1000
-366.484 494.442 1000
-355.078 494.442 1000
-334.902 494.442 1000
-314.725 494.442 1000
-303.319 494.442 1000
-296.871 494.442 1000
-293.226 494.442 1000
-291.165 494.442 1000
-290 494.442 1000
-288.835 494.442 1000
-286.774 494.442 1000
-283.129 494.442 1000
-276.681 494.442 1000
-265.275 494.442 1000
-245.098 494.442 1000
-209.408 494.442 1000
-141.67 494.442 1000
10.7404 494.442 1000
353.665 494.442 1000
991.277 494.442 1000
-1856.7 1032.29 1000
-1035.64 1032.29 1000
-670.733 1032.29 1000
-508.55 1032.29 1000
-436.468 1032.29 1000
-404.432 1032.29 1000
-390.194 1032.29 1000
-383.866 1032.29 1000
-381.053 1032.29 1000
-379.803 1032.29 1000
-378.638 1032.29 1000
-376.578 1032.29 1000
-372.932 1032.29 1000
-366.484 1032.29 1000
-355.078 1032.29 1000
-334.902 1032.29 1000
-314.725 1032.29 1000
-303.319 1032.29 1000
-296.871 1032.29 1000
-293.226 1032.29 1000
-291.165 1032.29 1000
-290 1032.29 1000
-288.835 1032.29 1000
-286.774 1032.29 1000
-283.129 1032.29 1000
-276.681 1032.29 1000
-265.275 1032.29 1000
-245.098 1032.29 1000
-209.408 1032.29 1000
-141.67 1032.29 1000
10.7404 1032.29 1000
353.665 1032.29 1000
991.277 1032.29 1000
