1 0
2 0
3 0
4 0
5 0
6 0
7 0
8 0
9 0
10 0
11 0
12 0
13 0
14 0
15 0
16 0
17 0
18 0
19 0
20 0
21 0
22 0
23 0
24 0
25 0
26 0
27 0
28 0
29 0
30 0
31 0
32 0
33 0
34 0
35 0
36 0
37 0
38 0
39 0
40 0
41 0
42 0
43 0
44 0
45 0
46 0
47 0
48 0
49 0
50 0
51 0
52 0
53 0
54 0
55 0
56 0
57 0
58 0
59 0
60 0
61 0
62 0
63 0
64 0
65 0
66 0
67 0
68 0
69 0
70 0
71 0
72 0
73 0
74 0
75 0
76 0
77 0
78 0
79 0
80 0
81 0
82 0
83 0
84 0
85 0
86 0
87 0
88 0
89 0
90 0
91 0
92 0
93 0
94 0
95 0
96 0
97 0
98 0
99 0
100 0
101 0
102 0
103 0
104 0
105 0
106 0
107 0
108 0
109 0
110 0
111 0
112 0
113 0
114 0
115 0
116 0
117 0
118 0
119 0
120 0
121 0
122 0
123 0
124 0
125 0
126 0
127 0
128 0
129 0
130 0
131 0
132 0
133 0
134 0
135 0
136 0
137 0
138 0
139 0
140 0
141 0
142 0
143 0
144 0
145 0
146 0
147 0
148 0
149 0
150 0
151 0
152 0
153 0
154 0
155 0
156 0
157 0
158 0
159 0
160 0
161 0
162 0
163 0
164 0
165 0
166 0
167 0
168 0
169 0
170 0
171 0
172 0
173 0
174 0
175 0
176 0
177 0
178 0
179 0
180 0
181 0
182 0
183 0
184 0
185 0
186 0
187 0
188 0
189 0
190 0
191 0
192 0
193 0
194 0
195 0
196 0
197 0
198 0
199 0
200 0
201 0
202 0
203 0
204 0
205 0
206 0
207 0
208 0
209 0
210 0
211 0
212 0
213 0
214 0
215 0
216 0
217 0
218 0
219 0
220 0
221 0
222 0
223 0
224 0
225 0
226 0
227 0
228 0
229 0
230 0
231 0
232 0
233 0
234 0
235 0
236 0
237 0
238 0
239 0
240 0
241 0
242 0
243 0
244 0
245 0
246 0
247 0
248 0
249 0
250 0
251 0
252 0
253 0
254 0
255 0
256 0
257 0
258 0
259 0
260 0
261 0
262 0
263 0
264 0
265 0
266 0
267 0
268 0
269 0
270 0
271 0
272 0
273 0
274 0
275 0
276 0
277 0
278 0
279 0
280 0
281 0
282 0
283 0
284 0
285 0
286 0
287 0
288 0
289 0
290 0
291 0
292 0
293 0
294 0
295 0
296 0
297 0
298 0
299 0
300 0
301 0
302 0
303 0
304 0
305 0
306 0
307 0
308 0
309 0
310 0
311 0
312 0
313 0
314 0
315 0
316 0
317 0
318 0
319 0
320 0
321 0
322 0
323 0
324 0
325 0
326 0
327 0
328 0
329 0
330 0
331 0
332 0
333 0
334 0
335 0
336 0
337 0
338 0
339 0
340 0
341 0
342 0
343 0
344 0
345 0
346 0
347 0
348 0
349 0
350 0
351 0
352 0
353 0
354 0
355 0
356 0
357 0
358 0
359 0
360 0
361 0
362 0
363 0
364 0
365 0
366 0
367 0
368 0
369 0
370 0
371 0
372 0
373 0
374 0
375 0
376 0
377 0
378 0
379 0
380 0
381 0
382 0
383 0
384 0
385 0
386 0
387 0
388 0
389 0
390 0
391 0
392 0
393 0
394 0
395 0
396 0
397 0
398 0
399 0
400 0
401 0
402 0
403 0
404 0
405 0
406 0
407 0
408 0
409 0
410 0
411 0
412 0
413 0
414 0
415 0
416 0
417 0
418 0
419 0
420 0
421 0
422 0
423 0
424 0
425 0
426 0
427 0
428 0
429 0
430 0
431 0
432 0
433 0
434 0
435 0
436 0
437 0
438 0
439 0
440 0
441 0
442 0
443 0
444 0
445 0
446 0
447 0
448 0
449 0
450 0
451 0
452 0
453 0
454 0
455 0
456 0
457 0
458 0
459 0
460 0
461 0
462 0
463 0
464 0
465 0
466 0
467 0
468 0
469 0
470 0
471 0
472 0
473 0
474 0
475 0
476 0
477 0
478 0
479 0
480 0
481 0
482 0
483 0
484 0
485 0
486 0
487 0
488 0
489 0
490 0
491 0
492 0
493 0
494 0
495 0
496 0
497 0
498 0
499 0
500 0
501 0
502 0
503 0
504 0
505 0
506 0
507 0
508 0
509 0
510 0
511 0
512 0
513 0
514 0
515 0
516 0
517 0
518 0
519 0
520 0
521 0
522 0
523 0
524 0
525 0
526 0
527 0
528 0
529 0
530 0
531 0
532 0
533 0
534 0
535 0
536 0
537 0
538 0
539 0
540 0
541 0
542 0
543 0
544 0
545 0
546 0
547 0
548 0
549 0
550 0
551 0
552 0
553 0
554 0
555 0
556 0
557 0
558 0
559 0
560 0
561 0
562 0
563 0
564 0
565 0
566 0
567 0
568 0
569 0
570 0
571 0
572 0
573 0
574 0
575 0
576 0
577 0
578 0
579 0
580 0
581 0
582 0
583 0
584 0
585 0
586 0
587 0
588 0
589 0
590 0
591 0
592 0
593 0
594 0
595 0
596 0
597 0
598 0
599 0
600 0
601 0
602 0
603 0
604 0
605 0
606 0
607 0
608 0
609 0
610 0
611 0
612 0
613 0
614 0
615 0
616 0
617 0
618 0
619 0
620 0
621 0
622 0
623 0
624 0
625 0
626 0
627 0
628 0
629 0
630 0
631 0
632 0
633 0
634 0
635 0
636 0
637 0
638 0
639 0
640 0
641 0
642 0
643 0
644 0
645 0
646 0
647 0
648 0
649 0
650 0
651 0
652 0
653 0
654 0
655 0
656 0
657 0
658 0
659 0
660 0
661 0
662 0
663 0
664 0
665 0
666 0
667 0
668 0
669 0
670 0
671 0
672 0
673 0
674 0
675 0
676 0
677 0
678 0
679 0
680 0
681 0
682 0
683 0
684 0
685 0
686 0
687 0
688 0
689 0
690 0
691 0
692 0
693 0
694 0
695 0
696 0
697 0
698 0
699 0
700 0
701 0
702 0
703 0
704 0
705 0
706 0
707 0
708 0
709 0
710 0
711 0
712 0
713 0
714 0
715 0
716 0
717 0
718 0
719 0
720 0
721 0
722 0
723 0
724 0
725 0
726 0
727 0
728 0
729 0
730 0
731 0
732 0
733 0
734 0
735 0
736 0
737 0
738 0
739 0
740 0
741 0
742 0
743 0
744 0
745 0
746 0
747 0
748 0
749 0
750 0
751 0
752 0
753 0
754 0
755 0
756 0
757 0
758 0
759 0

1 0
34 0
67 0
100 0
133 0
166 0
199 0
232 0
265 0
298 0
331 0
364 0
397 0
430 0
463 0
496 0
529 0
562 0
595 0
628 0
661 0
694 0
727 0
760 0
793 0
826 0
859 0
892 0
925 0
958 0
991 0
1024 0
1057 0
1090 0
1123 0
1156 0
1189 0
1222 0
1255 0
1288 0
1321 0
1354 0
1387 0
1420 0
1453 0
1486 0
1519 0
1552 0
1585 0
1618 0
1651 0
1684 0
1717 0
1750 0
1783 0
1816 0
1849 0
1882 0
1915 0
1948 0
1981 0
2014 0
2047 0
2080 0
2113 0
2146 0
2179 0
2212 0
2245 0
2278 0
2311 0
2344 0
2377 0
2410 0
2443 0
2476 0
2509 0
2542 0
2575 0
2608 0
2641 0
2674 0
2707 0
2740 0
2773 0
2806 0
2839 0
2872 0
2905 0
2938 0
2971 0
3004 0
3037 0
3070 0
3103 0
3136 0
3169 0
3202 0
3235 0
3268 0
3301 0
3334 0
3367 0
3400 0
3433 0
3466 0
3499 0
3532 0
3565 0
3598 0
3631 0
3664 0
3697 0
3730 0
3763 0
3796 0
3829 0
3862 0
3895 0
3928 0
3961 0
3994 0
4027 0
4060 0
4093 0
4126 0
4159 0
4192 0
4225 0
4258 0
4291 0
4324 0
4357 0
4390 0
4423 0
4456 0
4489 0
4522 0
4555 0
4588 0
4621 0
4654 0
4687 0
4720 0
4753 0
4786 0
4819 0
4852 0
4885 0
4918 0
4951 0
4984 0
5017 0
5050 0
5083 0
5116 0
5149 0
5182 0
5215 0
5248 0
5281 0
5314 0
5347 0
5380 0
5413 0
5446 0
5479 0
5512 0
5545 0
5578 0
5611 0
5644 0
5677 0
5710 0
5743 0
5776 0
5809 0
5842 0
5875 0
5908 0
5941 0
5974 0
6007 0
6040 0
6073 0
6106 0
6139 0
6172 0
6205 0
6238 0
6271 0
6304 0
6337 0
6370 0
6403 0
6436 0
6469 0
6502 0
6535 0
6568 0
6601 0
6634 0
6667 0
6700 0
6733 0
6766 0
6799 0
6832 0
6865 0
6898 0
6931 0
6964 0
6997 0
7030 0
7063 0
7096 0
7129 0
7162 0
7195 0
7228 0
7261 0
7294 0
7327 0
7360 0
7393 0
7426 0
7459 0
7492 0
7525 0
7558 0
7591 0
7624 0
7657 0
7690 0
7723 0
7756 0
7789 0
7822 0
7855 0
7888 0
7921 0
7954 0
7987 0
8020 0
8053 0
8086 0
8119 0
8152 0
8185 0
8218 0
8251 0
8284 0
8317 0
8350 0
8383 0
8416 0
8449 0
8482 0
8515 0
8548 0
8581 0
8614 0
8647 0
8680 0
8713 0
8746 0
8779 0
8812 0
8845 0
8878 0
8911 0
8944 0
8977 0
9010 0
9043 0
9076 0
9109 0
9142 0
9175 0
9208 0
9241 0
9274 0
9307 0
9340 0
9373 0
9406 0
9439 0
9472 0
9505 0
9538 0
9571 0
9604 0
9637 0
9670 0
9703 0
9736 0
9769 0
9802 0
9835 0

1 0
2 0
3 0
4 0
5 0
6 0
7 0
8 0
9 0
10 0
11 0
12 0
13 0
14 0
15 0
16 0
17 0
18 0
19 0
20 0
21 0
22 0
23 0
24 0
25 0
26 0
27 0
28 0
29 0
30 0
31 0
32 0
33 0
760 0
761 0
762 0
763 0
764 0
765 0
766 0
767 0
768 0
769 0
770 0
771 0
772 0
773 0
774 0
775 0
776 0
777 0
778 0
779 0
780 0
781 0
782 0
783 0
784 0
785 0
786 0
787 0
788 0
789 0
790 0
791 0
792 0
1519 0
1520 0
1521 0
1522 0
1523 0
1524 0
1525 0
1526 0
1527 0
1528 0
1529 0
1530 0
1531 0
1532 0
1533 0
1534 0
1535 0
1536 0
1537 0
1538 0
1539 0
1540 0
1541 0
1542 0
1543 0
1544 0
1545 0
1546 0
1547 0
1548 0
1549 0
1550 0
1551 0
2278 0
2279 0
2280 0
2281 0
2282 0
2283 0
2284 0
2285 0
2286 0
2287 0
2288 0
2289 0
2290 0
2291 0
2292 0
2293 0
2294 0
2295 0
2296 0
2297 0
2298 0
2299 0
2300 0
2301 0
2302 0
2303 0
2304 0
2305 0
2306 0
2307 0
2308 0
2309 0
2310 0
3037 0
3038 0
3039 0
3040 0
3041 0
3042 0
3043 0
3044 0
3045 0
3046 0
3047 0
3048 0
3049 0
3050 0
3051 0
3052 0
3053 0
3054 0
3055 0
3056 0
3057 0
3058 0
3059 0
3060 0
3061 0
3062 0
3063 0
3064 0
3065 0
3066 0
3067 0
3068 0
3069 0
3796 0
3797 0
3798 0
3799 0
3800 0
3801 0
3802 0
3803 0
3804 0
3805 0
3806 0
3807 0
3808 0
3809 0
3810 0
3811 0
3812 0
3813 0
3814 0
3815 0
3816 0
3817 0
3818 0
3819 0
3820 0
3821 0
3822 0
3823 0
3824 0
3825 0
3826 0
3827 0
3828 0
4555 0
4556 0
4557 0
4558 0
4559 0
4560 0
4561 0
4562 0
4563 0
4564 0
4565 0
4566 0
4567 0
4568 0
4569 0
4570 0
4571 0
4572 0
4573 0
4574 0
4575 0
4576 0
4577 0
4578 0
4579 0
4580 0
4581 0
4582 0
4583 0
4584 0
4585 0
4586 0
4587 0
5314 0
5315 0
5316 0
5317 0
5318 0
5319 0
5320 0
5321 0
5322 0
5323 0
5324 0
5325 0
5326 0
5327 0
5328 0
5329 0
5330 0
5331 0
5332 0
5333 0
5334 0
5335 0
5336 0
5337 0
5338 0
5339 0
5340 0
5341 0
5342 0
5343 0
5344 0
5345 0
5346 0
6073 0
6074 0
6075 0
6076 0
6077 0
6078 0
6079 0
6080 0
6081 0
6082 0
6083 0
6084 0
6085 0
6086 0
6087 0
6088 0
6089 0
6090 0
6091 0
6092 0
6093 0
6094 0
6095 0
6096 0
6097 0
6098 0
6099 0
6100 0
6101 0
6102 0
6103 0
6104 0
6105 0
6832 0
6833 0
6834 0
6835 0
6836 0
6837 0
6838 0
6839 0
6840 0
6841 0
6842 0
6843 0
6844 0
6845 0
6846 0
6847 0
6848 0
6849 0
6850 0
6851 0
6852 0
6853 0
6854 0
6855 0
6856 0
6857 0
6858 0
6859 0
6860 0
6861 0
6862 0
6863 0
6864 0
7591 0
7592 0
7593 0
7594 0
7595 0
7596 0
7597 0
7598 0
7599 0
7600 0
7601 0
7602 0
7603 0
7604 0
7605 0
7606 0
7607 0
7608 0
7609 0
7610 0
7611 0
7612 0
7613 0
7614 0
7615 0
7616 0
7617 0
7618 0
7619 0
7620 0
7621 0
7622 0
7623 0
8350 0
8351 0
8352 0
8353 0
8354 0
8355 0
8356 0
8357 0
8358 0
8359 0
8360 0
8361 0
8362 0
8363 0
8364 0
8365 0
8366 0
8367 0
8368 0
8369 0
8370 0
8371 0
8372 0
8373 0
8374 0
8375 0
8376 0
8377 0
8378 0
8379 0
8380 0
8381 0
8382 0
9109 0
9110 0
9111 0
9112 0
9113 0
9114 0
9115 0
9116 0
9117 0
9118 0
9119 0
9120 0
9121 0
9122 0
9123 0
9124 0
9125 0
9126 0
9127 0
9128 0
9129 0
9130 0
9131 0
9132 0
9133 0
9134 0
9135 0
9136 0
9137 0
9138 0
9139 0
9140 0
9141 0

33 0
66 0
99 0
132 0
165 0
198 0
231 0
264 0
297 0
330 0
363 0
396 0
429 0
462 0
495 0
528 0
561 0
594 0
627 0
660 0
693 0
726 0
759 0
792 0
825 0
858 0
891 0
924 0
957 0
990 0
1023 0
1056 0
1089 0
1122 0
1155 0
1188 0
1221 0
1254 0
1287 0
1320 0
1353 0
1386 0
1419 0
1452 0
1485 0
1518 0
1551 0
1584 0
1617 0
1650 0
1683 0
1716 0
1749 0
1782 0
1815 0
1848 0
1881 0
1914 0
1947 0
1980 0
2013 0
2046 0
2079 0
2112 0
2145 0
2178 0
2211 0
2244 0
2277 0
2310 0
2343 0
2376 0
2409 0
2442 0
2475 0
2508 0
2541 0
2574 0
2607 0
2640 0
2673 0
2706 0
2739 0
2772 0
2805 0
2838 0
2871 0
2904 0
2937 0
2970 0
3003 0
3036 0
3069 0
3102 0
3135 0
3168 0
3201 0
3234 0
3267 0
3300 0
3333 0
3366 0
3399 0
3432 0
3465 0
3498 0
3531 0
3564 0
3597 0
3630 0
3663 0
3696 0
3729 0
3762 0
3795 0
3828 0
3861 0
3894 0
3927 0
3960 0
3993 0
4026 0
4059 0
4092 0
4125 0
4158 0
4191 0
4224 0
4257 0
4290 0
4323 0
4356 0
4389 0
4422 0
4455 0
4488 0
4521 0
4554 0
4587 0
4620 0
4653 0
4686 0
4719 0
4752 0
4785 0
4818 0
4851 0
4884 0
4917 0
4950 0
4983 0
5016 0
5049 0
5082 0
5115 0
5148 0
5181 0
5214 0
5247 0
5280 0
5313 0
5346 0
5379 0
5412 0
5445 0
5478 0
5511 0
5544 0
5577 0
5610 0
5643 0
5676 0
5709 0
5742 0
5775 0
5808 0
5841 0
5874 0
5907 0
5940 0
5973 0
6006 0
6039 0
6072 0
6105 0
6138 0
6171 0
6204 0
6237 0
6270 0
6303 0
6336 0
6369 0
6402 0
6435 0
6468 0
6501 0
6534 0
6567 0
6600 0
6633 0
6666 0
6699 0
6732 0
6765 0
6798 0
6831 0
6864 0
6897 0
6930 0
6963 0
6996 0
7029 0
7062 0
7095 0
7128 0
7161 0
7194 0
7227 0
7260 0
7293 0
7326 0
7359 0
7392 0
7425 0
7458 0
7491 0
7524 0
7557 0
7590 0
7623 0
7656 0
7689 0
7722 0
7755 0
7788 0
7821 0
7854 0
7887 0
7920 0
7953 0
7986 0
8019 0
8052 0
8085 0
8118 0
8151 0
8184 0
8217 0
8250 0
8283 0
8316 0
8349 0
8382 0
8415 0
8448 0
8481 0
8514 0
8547 0
8580 0
8613 0
8646 0
8679 0
8712 0
8745 0
8778 0
8811 0
8844 0
8877 0
8910 0
8943 0
8976 0
9009 0
9042 0
9075 0
9108 0
9141 0
9174 0
9207 0
9240 0
9273 0
9306 0
9339 0
9372 0
9405 0
9438 0
9471 0
9504 0
9537 0
9570 0
9603 0
9636 0
9669 0
9702 0
9735 0
9768 0
9801 0
9834 0
9867 0

727 0
728 0
729 0
730 0
731 0
732 0
733 0
734 0
735 0
736 0
737 0
738 0
739 0
740 0
741 0
742 0
743 0
744 0
745 0
746 0
747 0
748 0
749 0
750 0
751 0
752 0
753 0
754 0
755 0
756 0
757 0
758 0
759 0
1486 0
1487 0
1488 0
1489 0
1490 0
1491 0
1492 0
1493 0
1494 0
1495 0
1496 0
1497 0
1498 0
1499 0
1500 0
1501 0
1502 0
1503 0
1504 0
1505 0
1506 0
1507 0
1508 0
1509 0
1510 0
1511 0
1512 0
1513 0
1514 0
1515 0
1516 0
1517 0
1518 0
2245 0
2246 0
2247 0
2248 0
2249 0
2250 0
2251 0
2252 0
2253 0
2254 0
2255 0
2256 0
2257 0
2258 0
2259 0
2260 0
2261 0
2262 0
2263 0
2264 0
2265 0
2266 0
2267 0
2268 0
2269 0
2270 0
2271 0
2272 0
2273 0
2274 0
2275 0
2276 0
2277 0
3004 0
3005 0
3006 0
3007 0
3008 0
3009 0
3010 0
3011 0
3012 0
3013 0
3014 0
3015 0
3016 0
3017 0
3018 0
3019 0
3020 0
3021 0
3022 0
3023 0
3024 0
3025 0
3026 0
3027 0
3028 0
3029 0
3030 0
3031 0
3032 0
3033 0
3034 0
3035 0
3036 0
3763 0
3764 0
3765 0
3766 0
3767 0
3768 0
3769 0
3770 0
3771 0
3772 0
3773 0
3774 0
3775 0
3776 0
3777 0
3778 0
3779 0
3780 0
3781 0
3782 0
3783 0
3784 0
3785 0
3786 0
3787 0
3788 0
3789 0
3790 0
3791 0
3792 0
3793 0
3794 0
3795 0
4522 0
4523 0
4524 0
4525 0
4526 0
4527 0
4528 0
4529 0
4530 0
4531 0
4532 0
4533 0
4534 0
4535 0
4536 0
4537 0
4538 0
4539 0
4540 0
4541 0
4542 0
4543 0
4544 0
4545 0
4546 0
4547 0
4548 0
4549 0
4550 0
4551 0
4552 0
4553 0
4554 0
5281 0
5282 0
5283 0
5284 0
5285 0
5286 0
5287 0
5288 0
5289 0
5290 0
5291 0
5292 0
5293 0
5294 0
5295 0
5296 0
5297 0
5298 0
5299 0
5300 0
5301 0
5302 0
5303 0
5304 0
5305 0
5306 0
5307 0
5308 0
5309 0
5310 0
5311 0
5312 0
5313 0
6040 0
6041 0
6042 0
6043 0
6044 0
6045 0
6046 0
6047 0
6048 0
6049 0
6050 0
6051 0
6052 0
6053 0
6054 0
6055 0
6056 0
6057 0
6058 0
6059 0
6060 0
6061 0
6062 0
6063 0
6064 0
6065 0
6066 0
6067 0
6068 0
6069 0
6070 0
6071 0
6072 0
6799 0
6800 0
6801 0
6802 0
6803 0
6804 0
6805 0
6806 0
6807 0
6808 0
6809 0
6810 0
6811 0
6812 0
6813 0
6814 0
6815 0
6816 0
6817 0
6818 0
6819 0
6820 0
6821 0
6822 0
6823 0
6824 0
6825 0
6826 0
6827 0
6828 0
6829 0
6830 0
6831 0
7558 0
7559 0
7560 0
7561 0
7562 0
7563 0
7564 0
7565 0
7566 0
7567 0
7568 0
7569 0
7570 0
7571 0
7572 0
7573 0
7574 0
7575 0
7576 0
7577 0
7578 0
7579 0
7580 0
7581 0
7582 0
7583 0
7584 0
7585 0
7586 0
7587 0
7588 0
7589 0
7590 0
8317 0
8318 0
8319 0
8320 0
8321 0
8322 0
8323 0
8324 0
8325 0
8326 0
8327 0
8328 0
8329 0
8330 0
8331 0
8332 0
8333 0
8334 0
8335 0
8336 0
8337 0
8338 0
8339 0
8340 0
8341 0
8342 0
8343 0
8344 0
8345 0
8346 0
8347 0
8348 0
8349 0
9076 0
9077 0
9078 0
9079 0
9080 0
9081 0
9082 0
9083 0
9084 0
9085 0
9086 0
9087 0
9088 0
9089 0
9090 0
9091 0
9092 0
9093 0
9094 0
9095 0
9096 0
9097 0
9098 0
9099 0
9100 0
9101 0
9102 0
9103 0
9104 0
9105 0
9106 0
9107 0
9108 0
9835 0
9836 0
9837 0
9838 0
9839 0
9840 0
9841 0
9842 0
9843 0
9844 0
9845 0
9846 0
9847 0
9848 0
9849 0
9850 0
9851 0
9852 0
9853 0
9854 0
9855 0
9856 0
9857 0
9858 0
9859 0
9860 0
9861 0
9862 0
9863 0
9864 0
9865 0
9866 0
9867 0
