-290.00000000000000 1000.00000000000000 8.60336173692838
-265.00000000000000 1000.00000000000000 0.04531973888892
-240.00000000000000 1000.00000000000000 0.02003836082977
-215.00000000000000 1000.00000000000000 0.01138970492838
-190.00000000000000 1000.00000000000000 0.00779973402509
-165.00000000000000 1000.00000000000000 0.00566719135025
-140.00000000000000 1000.00000000000000 0.00364990115240
-115.00000000000000 1000.00000000000000 0.00324241396517
-90.00000000000000 1000.00000000000000 0.00283492677794
-65.00000000000000 1000.00000000000000 0.00242743959070
-40.00000000000000 1000.00000000000000 0.00201995240347
-15.00000000000000 1000.00000000000000 0.00161246521623
10.00000000000000 1000.00000000000000 0.00120497802900
35.00000000000000 1000.00000000000000 0.00113551107448
60.00000000000000 1000.00000000000000 0.00107636109388
85.00000000000000 1000.00000000000000 0.00101721111328
110.00000000000000 1000.00000000000000 0.00095806113268
135.00000000000000 1000.00000000000000 0.00089891115208
160.00000000000000 1000.00000000000000 0.00083976117148
185.00000000000000 1000.00000000000000 0.00078061119088
210.00000000000000 1000.00000000000000 0.00072146121028
235.00000000000000 1000.00000000000000 0.00066231122968
235.00000000000000 1000.00000000000000 0.00066231122968
