-1766.89 -1032.29 1000
-1274.26 -1032.29 1000
-945.841 -1032.29 1000
-726.894 -1032.29 1000
-580.929 -1032.29 1000
-483.62 -1032.29 1000
-418.746 -1032.29 1000
-375.498 -1032.29 1000
-346.665 -1032.29 1000
-327.443 -1032.29 1000
-314.629 -1032.29 1000
-306.086 -1032.29 1000
-300.391 -1032.29 1000
-296.594 -1032.29 1000
-294.062 -1032.29 1000
-292.375 -1032.29 1000
-291.25 -1032.29 1000
-290.5 -1032.29 1000
-290 -1032.29 1000
-289.5 -1032.29 1000
-288.75 -1032.29 1000
-287.625 -1032.29 1000
-285.938 -1032.29 1000
-283.406 -1032.29 1000
-279.609 -1032.29 1000
-273.914 -1032.29 1000
-265.371 -1032.29 1000
-252.557 -1032.29 1000
-233.335 -1032.29 1000
-204.502 -1032.29 1000
-161.254 -1032.29 1000
-103.733 -1032.29 1000
-27.23 -1032.29 1000
74.5187 -1032.29 1000
209.844 -1032.29 1000
412.833 -1032.29 1000
717.316 -1032.29 1000
-1766.89 -709.583 1000
-1274.26 -709.583 1000
-945.841 -709.583 1000
-726.894 -709.583 1000
-580.929 -709.583 1000
-483.62 -709.583 1000
-418.746 -709.583 1000
-375.498 -709.583 1000
-346.665 -709.583 1000
-327.443 -709.583 1000
-314.629 -709.583 1000
-306.086 -709.583 1000
-300.391 -709.583 1000
-296.594 -709.583 1000
-294.062 -709.583 1000
-292.375 -709.583 1000
-291.25 -709.583 1000
-290.5 -709.583 1000
-290 -709.583 1000
-289.5 -709.583 1000
-288.75 -709.583 1000
-287.625 -709.583 1000
-285.938 -709.583 1000
-283.406 -709.583 1000
-279.609 -709.583 1000
-273.914 -709.583 1000
-265.371 -709.583 1000
-252.557 -709.583 1000
-233.335 -709.583 1000
-204.502 -709.583 1000
-161.254 -709.583 1000
-103.733 -709.583 1000
-27.23 -709.583 1000
74.5187 -709.583 1000
209.844 -709.583 1000
412.833 -709.583 1000
717.316 -709.583 1000
-1766.89 -494.442 1000
-1274.26 -494.442 1000
-945.841 -494.442 1000
-726.894 -494.442 1000
-580.929 -494.442 1000
-483.62 -494.442 1000
-418.746 -494.442 1000
-375.498 -494.442 1000
-346.665 -494.442 1000
-327.443 -494.442 1000
-314.629 -494.442 1000
-306.086 -494.442 1000
-300.391 -494.442 1000
-296.594 -494.442 1000
-294.062 -494.442 1000
-292.375 -494.442 1000
-291.25 -494.442 1000
-290.5 -494.442 1000
-290 -494.442 1000
-289.5 -494.442 1000
-288.75 -494.442 1000
-287.625 -494.442 1000
-285.938 -494.442 1000
-283.406 -494.442 1000
-279.609 -494.442 1000
-273.914 -494.442 1000
-265.371 -494.442 1000
-252.557 -494.442 1000
-233.335 -494.442 1000
-204.502 -494.442 1000
-161.254 -494.442 1000
-103.733 -494.442 1000
-27.23 -494.442 1000
74.5187 -494.442 1000
209.844 -494.442 1000
412.833 -494.442 1000
717.316 -494.442 1000
-1766.89 -351.015 1000
-1274.26 -351.015 1000
-945.841 -351.015 1000
-726.894 -351.015 1000
-580.929 -351.015 1000
-483.62 -351.015 1000
-418.746 -351.015 1000
-375.498 -351.015 1000
-346.665 -351.015 1000
-327.443 -351.015 1000
-314.629 -351.015 1000
-306.086 -351.015 1000
-300.391 -351.015 1000
-296.594 -351.015 1000
-294.062 -351.015 1000
-292.375 -351.015 1000
-291.25 -351.015 1000
-290.5 -351.015 1000
-290 -351.015 1000
-289.5 -351.015 1000
-288.75 -351.015 1000
-287.625 -351.015 1000
-285.938 -351.015 1000
-283.406 -351.015 1000
-279.609 -351.015 1000
-273.914 -351.015 1000
-265.371 -351.015 1000
-252.557 -351.015 1000
-233.335 -351.015 1000
-204.502 -351.015 1000
-161.254 -351.015 1000
-103.733 -351.015 1000
-27.23 -351.015 1000
74.5187 -351.015 1000
209.844 -351.015 1000
412.833 -351.015 1000
717.316 -351.015 1000
-1766.89 -255.398 1000
-1274.26 -255.398 1000
-945.841 -255.398 1000
-726.894 -255.398 1000
-580.929 -255.398 1000
-483.62 -255.398 1000
-418.746 -255.398 1000
-375.498 -255.398 1000
-346.665 -255.398 1000
-327.443 -255.398 1000
-314.629 -255.398 1000
-306.086 -255.398 1000
-300.391 -255.398 1000
-296.594 -255.398 1000
-294.062 -255.398 1000
-292.375 -255.398 1000
-291.25 -255.398 1000
-290.5 -255.398 1000
-290 -255.398 1000
-289.5 -255.398 1000
-288.75 -255.398 1000
-287.625 -255.398 1000
-285.938 -255.398 1000
-283.406 -255.398 1000
-279.609 -255.398 1000
-273.914 -255.398 1000
-265.371 -255.398 1000
-252.557 -255.398 1000
-233.335 -255.398 1000
-204.502 -255.398 1000
-161.254 -255.398 1000
-103.733 -255.398 1000
-27.23 -255.398 1000
74.5187 -255.398 1000
209.844 -255.398 1000
412.833 -255.398 1000
717.316 -255.398 1000
-1766.89 -191.652 1000
-1274.26 -191.652 1000
-945.841 -191.652 1000
-726.894 -191.652 1000
-580.929 -191.652 1000
-483.62 -191.652 1000
-418.746 -191.652 1000
-375.498 -191.652 1000
-346.665 -191.652 1000
-327.443 -191.652 1000
-314.629 -191.652 1000
-306.086 -191.652 1000
-300.391 -191.652 1000
-296.594 -191.652 1000
-294.062 -191.652 1000
-292.375 -191.652 1000
-291.25 -191.652 1000
-290.5 -191.652 1000
-290 -191.652 1000
-289.5 -191.652 1000
-288.75 -191.652 1000
-287.625 -191.652 1000
-285.938 -191.652 1000
-283.406 -191.652 1000
-279.609 -191.652 1000
-273.914 -191.652 1000
-265.371 -191.652 1000
-252.557 -191.652 1000
-233.335 -191.652 1000
-204.502 -191.652 1000
-161.254 -191.652 1000
-103.733 -191.652 1000
-27.23 -191.652 996.84
74.5187 -191.652 1000
209.844 -191.652 1000
412.833 -191.652 1000
717.316 -191.652 1000
-1766.89 -143.724 1000
-1274.26 -143.724 1000
-945.841 -143.724 1000
-726.894 -143.724 1000
-580.929 -143.724 1000
-483.62 -143.724 1000
-418.746 -143.724 1000
-375.498 -143.724 1000
-346.665 -143.724 1000
-327.443 -143.724 1000
-314.629 -143.724 1000
-306.086 -143.724 1000
-300.391 -143.724 1000
-296.594 -143.724 1000
-294.062 -143.724 1000
-292.375 -143.724 1000
-291.25 -143.724 1000
-290.5 -143.724 1000
-290 -143.724 1000
-289.5 -143.724 1000
-288.75 -143.724 1000
-287.625 -143.724 1000
-285.938 -143.724 1000
-283.406 -143.724 1000
-279.609 -143.724 1000
-273.914 -143.724 1000
-265.371 -143.724 1000
-252.557 -143.724 1000
-233.335 -143.724 1000
-204.502 -143.724 1000
-161.254 -143.724 1000
-103.733 -143.724 989.271
-27.23 -143.724 976.747
74.5187 -143.724 982.762
209.844 -143.724 1000
412.833 -143.724 1000
717.316 -143.724 1000
-1766.89 -107.687 1000
-1274.26 -107.687 1000
-945.841 -107.687 1000
-726.894 -107.687 1000
-580.929 -107.687 1000
-483.62 -107.687 1000
-418.746 -107.687 1000
-375.498 -107.687 1000
-346.665 -107.687 1000
-327.443 -107.687 1000
-314.629 -107.687 1000
-306.086 -107.687 1000
-300.391 -107.687 1000
-296.594 -107.687 1000
-294.062 -107.687 1000
-292.375 -107.687 1000
-291.25 -107.687 1000
-290.5 -107.687 1000
-290 -107.687 1000
-289.5 -107.687 1000
-288.75 -107.687 1000
-287.625 -107.687 1000
-285.938 -107.687 1000
-283.406 -107.687 1000
-279.609 -107.687 1000
-273.914 -107.687 1000
-265.371 -107.687 1000
-252.557 -107.687 1000
-233.335 -107.687 1000
-204.502 -107.687 1000
-161.254 -107.687 996.999
-103.733 -107.687 977.946
-27.23 -107.687 965.422
74.5187 -107.687 971.437
209.844 -107.687 1000
412.833 -107.687 1000
717.316 -107.687 1000
-1766.89 -80.5916 1000
-1274.26 -80.5916 1000
-945.841 -80.5916 1000
-726.894 -80.5916 1000
-580.929 -80.5916 1000
-483.62 -80.5916 1000
-418.746 -80.5916 1000
-375.498 -80.5916 1000
-346.665 -80.5916 1000
-327.443 -80.5916 1000
-314.629 -80.5916 1000
-306.086 -80.5916 1000
-300.391 -80.5916 1000
-296.594 -80.5916 1000
-294.062 -80.5916 1000
-292.375 -80.5916 1000
-291.25 -80.5916 1000
-290.5 -80.5916 1000
-290 -80.5916 1000
-289.5 -80.5916 1000
-288.75 -80.5916 1000
-287.625 -80.5916 1000
-285.938 -80.5916 1000
-283.406 -80.5916 1000
-279.609 -80.5916 1000
-273.914 -80.5916 1000
-265.371 -80.5916 1000
-252.557 -80.5916 1000
-233.335 -80.5916 1000
-204.502 -80.5916 1000
-161.254 -80.5916 990.622
-103.733 -80.5916 971.569
-27.23 -80.5916 959.046
74.5187 -80.5916 965.06
209.844 -80.5916 1000
412.833 -80.5916 1000
717.316 -80.5916 1000
-1766.89 -60.2193 1000
-1274.26 -60.2193 1000
-945.841 -60.2193 1000
-726.894 -60.2193 1000
-580.929 -60.2193 1000
-483.62 -60.2193 1000
-418.746 -60.2193 1000
-375.498 -60.2193 1000
-346.665 -60.2193 1000
-327.443 -60.2193 1000
-314.629 -60.2193 1000
-306.086 -60.2193 1000
-300.391 -60.2193 1000
-296.594 -60.2193 1000
-294.062 -60.2193 1000
-292.375 -60.2193 1000
-291.25 -60.2193 1000
-290.5 -60.2193 1000
-290 -60.2193 1000
-289.5 -60.2193 1000
-288.75 -60.2193 1000
-287.625 -60.2193 1000
-285.938 -60.2193 1000
-283.406 -60.2193 1000
-279.609 -60.2193 1000
-273.914 -60.2193 1000
-265.371 -60.2193 1000
-252.557 -60.2193 1000
-233.335 -60.2193 1000
-204.502 -60.2193 1000
-161.254 -60.2193 987.036
-103.733 -60.2193 967.984
-27.23 -60.2193 955.46
74.5187 -60.2193 961.474
209.844 -60.2193 1000
412.833 -60.2193 1000
717.316 -60.2193 1000
-1766.89 -44.9017 1000
-1274.26 -44.9017 1000
-945.841 -44.9017 1000
-726.894 -44.9017 1000
-580.929 -44.9017 1000
-483.62 -44.9017 1000
-418.746 -44.9017 1000
-375.498 -44.9017 1000
-346.665 -44.9017 1000
-327.443 -44.9017 1000
-314.629 -44.9017 1000
-306.086 -44.9017 1000
-300.391 -44.9017 1000
-296.594 -44.9017 1000
-294.062 -44.9017 1000
-292.375 -44.9017 1000
-291.25 -44.9017 1000
-290.5 -44.9017 1000
-290 -44.9017 1000
-289.5 -44.9017 1000
-288.75 -44.9017 1000
-287.625 -44.9017 1000
-285.938 -44.9017 1000
-283.406 -44.9017 1000
-279.609 -44.9017 1000
-273.914 -44.9017 1000
-265.371 -44.9017 1000
-252.557 -44.9017 1000
-233.335 -44.9017 1000
-204.502 -44.9017 1000
-161.254 -44.9017 985.024
-103.733 -44.9017 965.971
-27.23 -44.9017 953.447
74.5187 -44.9017 959.461
209.844 -44.9017 1000
412.833 -44.9017 1000
717.316 -44.9017 1000
-1766.89 -33.3847 1000
-1274.26 -33.3847 1000
-945.841 -33.3847 1000
-726.894 -33.3847 1000
-580.929 -33.3847 1000
-483.62 -33.3847 1000
-418.746 -33.3847 1000
-375.498 -33.3847 1000
-346.665 -33.3847 1000
-327.443 -33.3847 1000
-314.629 -33.3847 1000
-306.086 -33.3847 1000
-300.391 -33.3847 1000
-296.594 -33.3847 1000
-294.062 -33.3847 1000
-292.375 -33.3847 1000
-291.25 -33.3847 1000
-290.5 -33.3847 1000
-290 -33.3847 1000
-289.5 -33.3847 1000
-288.75 -33.3847 1000
-287.625 -33.3847 1000
-285.938 -33.3847 1000
-283.406 -33.3847 1000
-279.609 -33.3847 1000
-273.914 -33.3847 1000
-265.371 -33.3847 1000
-252.557 -33.3847 1000
-233.335 -33.3847 1000
-204.502 -33.3847 1000
-161.254 -33.3847 983.897
-103.733 -33.3847 964.844
-27.23 -33.3847 952.32
74.5187 -33.3847 958.334
209.844 -33.3847 1000
412.833 -33.3847 1000
717.316 -33.3847 1000
-1766.89 -24.7254 1000
-1274.26 -24.7254 1000
-945.841 -24.7254 1000
-726.894 -24.7254 1000
-580.929 -24.7254 1000
-483.62 -24.7254 1000
-418.746 -24.7254 1000
-375.498 -24.7254 1000
-346.665 -24.7254 1000
-327.443 -24.7254 1000
-314.629 -24.7254 1000
-306.086 -24.7254 1000
-300.391 -24.7254 1000
-296.594 -24.7254 1000
-294.062 -24.7254 1000
-292.375 -24.7254 1000
-291.25 -24.7254 1000
-290.5 -24.7254 1000
-290 -24.7254 1000
-289.5 -24.7254 1000
-288.75 -24.7254 1000
-287.625 -24.7254 1000
-285.938 -24.7254 1000
-283.406 -24.7254 1000
-279.609 -24.7254 1000
-273.914 -24.7254 1000
-265.371 -24.7254 1000
-252.557 -24.7254 1000
-233.335 -24.7254 1000
-204.502 -24.7254 1000
-161.254 -24.7254 983.268
-103.733 -24.7254 964.215
-27.23 -24.7254 951.691
74.5187 -24.7254 957.705
209.844 -24.7254 1000
412.833 -24.7254 1000
717.316 -24.7254 1000
-1766.89 -18.2146 1000
-1274.26 -18.2146 1000
-945.841 -18.2146 1000
-726.894 -18.2146 1000
-580.929 -18.2146 1000
-483.62 -18.2146 1000
-418.746 -18.2146 1000
-375.498 -18.2146 1000
-346.665 -18.2146 1000
-327.443 -18.2146 1000
-314.629 -18.2146 1000
-306.086 -18.2146 1000
-300.391 -18.2146 1000
-296.594 -18.2146 1000
-294.062 -18.2146 1000
-292.375 -18.2146 1000
-291.25 -18.2146 1000
-290.5 -18.2146 1000
-290 -18.2146 1000
-289.5 -18.2146 1000
-288.75 -18.2146 1000
-287.625 -18.2146 1000
-285.938 -18.2146 1000
-283.406 -18.2146 1000
-279.609 -18.2146 1000
-273.914 -18.2146 1000
-265.371 -18.2146 1000
-252.557 -18.2146 1000
-233.335 -18.2146 1000
-204.502 -18.2146 1000
-161.254 -18.2146 982.918
-103.733 -18.2146 963.865
-27.23 -18.2146 951.342
74.5187 -18.2146 957.356
209.844 -18.2146 1000
412.833 -18.2146 1000
717.316 -18.2146 1000
-1766.89 -13.3192 1000
-1274.26 -13.3192 1000
-945.841 -13.3192 1000
-726.894 -13.3192 1000
-580.929 -13.3192 1000
-483.62 -13.3192 1000
-418.746 -13.3192 1000
-375.498 -13.3192 1000
-346.665 -13.3192 1000
-327.443 -13.3192 1000
-314.629 -13.3192 1000
-306.086 -13.3192 1000
-300.391 -13.3192 1000
-296.594 -13.3192 1000
-294.062 -13.3192 1000
-292.375 -13.3192 1000
-291.25 -13.3192 1000
-290.5 -13.3192 1000
-290 -13.3192 1000
-289.5 -13.3192 1000
-288.75 -13.3192 1000
-287.625 -13.3192 1000
-285.938 -13.3192 1000
-283.406 -13.3192 1000
-279.609 -13.3192 1000
-273.914 -13.3192 1000
-265.371 -13.3192 1000
-252.557 -13.3192 1000
-233.335 -13.3192 1000
-204.502 -13.3192 1000
-161.254 -13.3192 982.725
-103.733 -13.3192 963.672
-27.23 -13.3192 951.149
74.5187 -13.3192 957.163
209.844 -13.3192 1000
412.833 -13.3192 1000
717.316 -13.3192 1000
-1766.89 -9.63851 1000
-1274.26 -9.63851 1000
-945.841 -9.63851 1000
-726.894 -9.63851 1000
-580.929 -9.63851 1000
-483.62 -9.63851 1000
-418.746 -9.63851 1000
-375.498 -9.63851 1000
-346.665 -9.63851 1000
-327.443 -9.63851 1000
-314.629 -9.63851 1000
-306.086 -9.63851 1000
-300.391 -9.63851 1000
-296.594 -9.63851 1000
-294.062 -9.63851 1000
-292.375 -9.63851 1000
-291.25 -9.63851 1000
-290.5 -9.63851 1000
-290 -9.63851 1000
-289.5 -9.63851 1000
-288.75 -9.63851 1000
-287.625 -9.63851 1000
-285.938 -9.63851 1000
-283.406 -9.63851 1000
-279.609 -9.63851 1000
-273.914 -9.63851 1000
-265.371 -9.63851 1000
-252.557 -9.63851 1000
-233.335 -9.63851 1000
-204.502 -9.63851 1000
-161.254 -9.63851 982.62
-103.733 -9.63851 963.567
-27.23 -9.63851 951.043
74.5187 -9.63851 957.057
209.844 -9.63851 1000
412.833 -9.63851 1000
717.316 -9.63851 1000
-1766.89 -6.87106 1000
-1274.26 -6.87106 1000
-945.841 -6.87106 1000
-726.894 -6.87106 1000
-580.929 -6.87106 1000
-483.62 -6.87106 1000
-418.746 -6.87106 1000
-375.498 -6.87106 1000
-346.665 -6.87106 1000
-327.443 -6.87106 1000
-314.629 -6.87106 1000
-306.086 -6.87106 1000
-300.391 -6.87106 1000
-296.594 -6.87106 1000
-294.062 -6.87106 1000
-292.375 -6.87106 1000
-291.25 -6.87106 1000
-290.5 -6.87106 1000
-290 -6.87106 1000
-289.5 -6.87106 1000
-288.75 -6.87106 1000
-287.625 -6.87106 1000
-285.938 -6.87106 1000
-283.406 -6.87106 1000
-279.609 -6.87106 1000
-273.914 -6.87106 1000
-265.371 -6.87106 1000
-252.557 -6.87106 1000
-233.335 -6.87106 1000
-204.502 -6.87106 1000
-161.254 -6.87106 982.562
-103.733 -6.87106 963.51
-27.23 -6.87106 950.986
74.5187 -6.87106 957
209.844 -6.87106 1000
412.833 -6.87106 1000
717.316 -6.87106 1000
-1766.89 -4.79027 1000
-1274.26 -4.79027 1000
-945.841 -4.79027 1000
-726.894 -4.79027 1000
-580.929 -4.79027 1000
-483.62 -4.79027 1000
-418.746 -4.79027 1000
-375.498 -4.79027 1000
-346.665 -4.79027 1000
-327.443 -4.79027 1000
-314.629 -4.79027 1000
-306.086 -4.79027 1000
-300.391 -4.79027 1000
-296.594 -4.79027 1000
-294.062 -4.79027 1000
-292.375 -4.79027 1000
-291.25 -4.79027 1000
-290.5 -4.79027 1000
-290 -4.79027 1000
-289.5 -4.79027 1000
-288.75 -4.79027 1000
-287.625 -4.79027 1000
-285.938 -4.79027 1000
-283.406 -4.79027 1000
-279.609 -4.79027 1000
-273.914 -4.79027 1000
-265.371 -4.79027 1000
-252.557 -4.79027 1000
-233.335 -4.79027 1000
-204.502 -4.79027 1000
-161.254 -4.79027 982.532
-103.733 -4.79027 963.479
-27.23 -4.79027 950.956
74.5187 -4.79027 956.97
209.844 -4.79027 1000
412.833 -4.79027 1000
717.316 -4.79027 1000
-1766.89 -3.22577 1000
-1274.26 -3.22577 1000
-945.841 -3.22577 1000
-726.894 -3.22577 1000
-580.929 -3.22577 1000
-483.62 -3.22577 1000
-418.746 -3.22577 1000
-375.498 -3.22577 1000
-346.665 -3.22577 1000
-327.443 -3.22577 1000
-314.629 -3.22577 1000
-306.086 -3.22577 1000
-300.391 -3.22577 1000
-296.594 -3.22577 1000
-294.062 -3.22577 1000
-292.375 -3.22577 1000
-291.25 -3.22577 1000
-290.5 -3.22577 1000
-290 -3.22577 1000
-289.5 -3.22577 1000
-288.75 -3.22577 1000
-287.625 -3.22577 1000
-285.938 -3.22577 1000
-283.406 -3.22577 1000
-279.609 -3.22577 1000
-273.914 -3.22577 1000
-265.371 -3.22577 1000
-252.557 -3.22577 1000
-233.335 -3.22577 1000
-204.502 -3.22577 1000
-161.254 -3.22577 982.516
-103.733 -3.22577 963.464
-27.23 -3.22577 950.94
74.5187 -3.22577 956.954
209.844 -3.22577 1000
412.833 -3.22577 1000
717.316 -3.22577 1000
-1766.89 -2.04945 1000
-1274.26 -2.04945 1000
-945.841 -2.04945 1000
-726.894 -2.04945 1000
-580.929 -2.04945 1000
-483.62 -2.04945 1000
-418.746 -2.04945 1000
-375.498 -2.04945 1000
-346.665 -2.04945 1000
-327.443 -2.04945 1000
-314.629 -2.04945 1000
-306.086 -2.04945 1000
-300.391 -2.04945 1000
-296.594 -2.04945 1000
-294.062 -2.04945 1000
-292.375 -2.04945 1000
-291.25 -2.04945 1000
-290.5 -2.04945 1000
-290 -2.04945 1000
-289.5 -2.04945 1000
-288.75 -2.04945 1000
-287.625 -2.04945 1000
-285.938 -2.04945 1000
-283.406 -2.04945 1000
-279.609 -2.04945 1000
-273.914 -2.04945 1000
-265.371 -2.04945 1000
-252.557 -2.04945 1000
-233.335 -2.04945 1000
-204.502 -2.04945 1000
-161.254 -2.04945 982.509
-103.733 -2.04945 963.456
-27.23 -2.04945 950.932
74.5187 -2.04945 956.947
209.844 -2.04945 1000
412.833 -2.04945 1000
717.316 -2.04945 1000
-1766.89 -1.165 1000
-1274.26 -1.165 1000
-945.841 -1.165 1000
-726.894 -1.165 1000
-580.929 -1.165 1000
-483.62 -1.165 1000
-418.746 -1.165 1000
-375.498 -1.165 1000
-346.665 -1.165 1000
-327.443 -1.165 1000
-314.629 -1.165 1000
-306.086 -1.165 1000
-300.391 -1.165 1000
-296.594 -1.165 1000
-294.062 -1.165 1000
-292.375 -1.165 1000
-291.25 -1.165 1000
-290.5 -1.165 1000
-290 -1.165 1000
-289.5 -1.165 1000
-288.75 -1.165 1000
-287.625 -1.165 1000
-285.938 -1.165 1000
-283.406 -1.165 1000
-279.609 -1.165 1000
-273.914 -1.165 1000
-265.371 -1.165 1000
-252.557 -1.165 1000
-233.335 -1.165 1000
-204.502 -1.165 1000
-161.254 -1.165 982.505
-103.733 -1.165 963.452
-27.23 -1.165 950.929
74.5187 -1.165 956.943
209.844 -1.165 1000
412.833 -1.165 1000
717.316 -1.165 1000
-1766.89 -0.5 1000
-1274.26 -0.5 1000
-945.841 -0.5 1000
-726.894 -0.5 1000
-580.929 -0.5 1000
-483.62 -0.5 1000
-418.746 -0.5 1000
-375.498 -0.5 1000
-346.665 -0.5 1000
-327.443 -0.5 1000
-314.629 -0.5 1000
-306.086 -0.5 1000
-300.391 -0.5 1000
-296.594 -0.5 1000
-294.062 -0.5 1000
-292.375 -0.5 1000
-291.25 -0.5 1000
-290.5 -0.5 1000
-290 -0.5 1000
-289.5 -0.5 1000
-288.75 -0.5 1000
-287.625 -0.5 1000
-285.938 -0.5 1000
-283.406 -0.5 1000
-279.609 -0.5 1000
-273.914 -0.5 1000
-265.371 -0.5 1000
-252.557 -0.5 1000
-233.335 -0.5 1000
-204.502 -0.5 1000
-161.254 -0.5 982.504
-103.733 -0.5 963.451
-27.23 -0.5 950.927
74.5187 -0.5 956.942
209.844 -0.5 1000
412.833 -0.5 1000
717.316 -0.5 1000
-1766.89 0 1000
-1274.26 0 1000
-945.841 0 1000
-726.894 0 1000
-580.929 0 1000
-483.62 0 1000
-418.746 0 1000
-375.498 0 1000
-346.665 0 1000
-327.443 0 1000
-314.629 0 1000
-306.086 0 1000
-300.391 0 1000
-296.594 0 1000
-294.062 0 1000
-292.375 0 1000
-291.25 0 1000
-290.5 0 1000
-290 0 1000
-289.5 0 1000
-288.75 0 1000
-287.625 0 1000
-285.938 0 1000
-283.406 0 1000
-279.609 0 1000
-273.914 0 1000
-265.371 0 1000
-252.557 0 1000
-233.335 0 1000
-204.502 0 1000
-161.254 0 982.503
-103.733 0 963.451
-27.23 0 950.927
74.5187 0 956.941
209.844 0 1000
412.833 0 1000
717.316 0 1000
-1766.89 0.5 1000
-1274.26 0.5 1000
-945.841 0.5 1000
-726.894 0.5 1000
-580.929 0.5 1000
-483.62 0.5 1000
-418.746 0.5 1000
-375.498 0.5 1000
-346.665 0.5 1000
-327.443 0.5 1000
-314.629 0.5 1000
-306.086 0.5 1000
-300.391 0.5 1000
-296.594 0.5 1000
-294.062 0.5 1000
-292.375 0.5 1000
-291.25 0.5 1000
-290.5 0.5 1000
-290 0.5 1000
-289.5 0.5 1000
-288.75 0.5 1000
-287.625 0.5 1000
-285.938 0.5 1000
-283.406 0.5 1000
-279.609 0.5 1000
-273.914 0.5 1000
-265.371 0.5 1000
-252.557 0.5 1000
-233.335 0.5 1000
-204.502 0.5 1000
-161.254 0.5 982.504
-103.733 0.5 963.451
-27.23 0.5 950.927
74.5187 0.5 956.942
209.844 0.5 1000
412.833 0.5 1000
717.316 0.5 1000
-1766.89 1.165 1000
-1274.26 1.165 1000
-945.841 1.165 1000
-726.894 1.165 1000
-580.929 1.165 1000
-483.62 1.165 1000
-418.746 1.165 1000
-375.498 1.165 1000
-346.665 1.165 1000
-327.443 1.165 1000
-314.629 1.165 1000
-306.086 1.165 1000
-300.391 1.165 1000
-296.594 1.165 1000
-294.062 1.165 1000
-292.375 1.165 1000
-291.25 1.165 1000
-290.5 1.165 1000
-290 1.165 1000
-289.5 1.165 1000
-288.75 1.165 1000
-287.625 1.165 1000
-285.938 1.165 1000
-283.406 1.165 1000
-279.609 1.165 1000
-273.914 1.165 1000
-265.371 1.165 1000
-252.557 1.165 1000
-233.335 1.165 1000
-204.502 1.165 1000
-161.254 1.165 982.505
-103.733 1.165 963.452
-27.23 1.165 950.929
74.5187 1.165 956.943
209.844 1.165 1000
412.833 1.165 1000
717.316 1.165 1000
-1766.89 2.04945 1000
-1274.26 2.04945 1000
-945.841 2.04945 1000
-726.894 2.04945 1000
-580.929 2.04945 1000
-483.62 2.04945 1000
-418.746 2.04945 1000
-375.498 2.04945 1000
-346.665 2.04945 1000
-327.443 2.04945 1000
-314.629 2.04945 1000
-306.086 2.04945 1000
-300.391 2.04945 1000
-296.594 2.04945 1000
-294.062 2.04945 1000
-292.375 2.04945 1000
-291.25 2.04945 1000
-290.5 2.04945 1000
-290 2.04945 1000
-289.5 2.04945 1000
-288.75 2.04945 1000
-287.625 2.04945 1000
-285.938 2.04945 1000
-283.406 2.04945 1000
-279.609 2.04945 1000
-273.914 2.04945 1000
-265.371 2.04945 1000
-252.557 2.04945 1000
-233.335 2.04945 1000
-204.502 2.04945 1000
-161.254 2.04945 982.509
-103.733 2.04945 963.456
-27.23 2.04945 950.932
74.5187 2.04945 956.947
209.844 2.04945 1000
412.833 2.04945 1000
717.316 2.04945 1000
-1766.89 3.22577 1000
-1274.26 3.22577 1000
-945.841 3.22577 1000
-726.894 3.22577 1000
-580.929 3.22577 1000
-483.62 3.22577 1000
-418.746 3.22577 1000
-375.498 3.22577 1000
-346.665 3.22577 1000
-327.443 3.22577 1000
-314.629 3.22577 1000
-306.086 3.22577 1000
-300.391 3.22577 1000
-296.594 3.22577 1000
-294.062 3.22577 1000
-292.375 3.22577 1000
-291.25 3.22577 1000
-290.5 3.22577 1000
-290 3.22577 1000
-289.5 3.22577 1000
-288.75 3.22577 1000
-287.625 3.22577 1000
-285.938 3.22577 1000
-283.406 3.22577 1000
-279.609 3.22577 1000
-273.914 3.22577 1000
-265.371 3.22577 1000
-252.557 3.22577 1000
-233.335 3.22577 1000
-204.502 3.22577 1000
-161.254 3.22577 982.516
-103.733 3.22577 963.464
-27.23 3.22577 950.94
74.5187 3.22577 956.954
209.844 3.22577 1000
412.833 3.22577 1000
717.316 3.22577 1000
-1766.89 4.79027 1000
-1274.26 4.79027 1000
-945.841 4.79027 1000
-726.894 4.79027 1000
-580.929 4.79027 1000
-483.62 4.79027 1000
-418.746 4.79027 1000
-375.498 4.79027 1000
-346.665 4.79027 1000
-327.443 4.79027 1000
-314.629 4.79027 1000
-306.086 4.79027 1000
-300.391 4.79027 1000
-296.594 4.79027 1000
-294.062 4.79027 1000
-292.375 4.79027 1000
-291.25 4.79027 1000
-290.5 4.79027 1000
-290 4.79027 1000
-289.5 4.79027 1000
-288.75 4.79027 1000
-287.625 4.79027 1000
-285.938 4.79027 1000
-283.406 4.79027 1000
-279.609 4.79027 1000
-273.914 4.79027 1000
-265.371 4.79027 1000
-252.557 4.79027 1000
-233.335 4.79027 1000
-204.502 4.79027 1000
-161.254 4.79027 982.532
-103.733 4.79027 963.479
-27.23 4.79027 950.956
74.5187 4.79027 956.97
209.844 4.79027 1000
412.833 4.79027 1000
717.316 4.79027 1000
-1766.89 6.87106 1000
-1274.26 6.87106 1000
-945.841 6.87106 1000
-726.894 6.87106 1000
-580.929 6.87106 1000
-483.62 6.87106 1000
-418.746 6.87106 1000
-375.498 6.87106 1000
-346.665 6.87106 1000
-327.443 6.87106 1000
-314.629 6.87106 1000
-306.086 6.87106 1000
-300.391 6.87106 1000
-296.594 6.87106 1000
-294.062 6.87106 1000
-292.375 6.87106 1000
-291.25 6.87106 1000
-290.5 6.87106 1000
-290 6.87106 1000
-289.5 6.87106 1000
-288.75 6.87106 1000
-287.625 6.87106 1000
-285.938 6.87106 1000
-283.406 6.87106 1000
-279.609 6.87106 1000
-273.914 6.87106 1000
-265.371 6.87106 1000
-252.557 6.87106 1000
-233.335 6.87106 1000
-204.502 6.87106 1000
-161.254 6.87106 982.562
-103.733 6.87106 963.51
-27.23 6.87106 950.986
74.5187 6.87106 957
209.844 6.87106 1000
412.833 6.87106 1000
717.316 6.87106 1000
-1766.89 9.63851 1000
-1274.26 9.63851 1000
-945.841 9.63851 1000
-726.894 9.63851 1000
-580.929 9.63851 1000
-483.62 9.63851 1000
-418.746 9.63851 1000
-375.498 9.63851 1000
-346.665 9.63851 1000
-327.443 9.63851 1000
-314.629 9.63851 1000
-306.086 9.63851 1000
-300.391 9.63851 1000
-296.594 9.63851 1000
-294.062 9.63851 1000
-292.375 9.63851 1000
-291.25 9.63851 1000
-290.5 9.63851 1000
-290 9.63851 1000
-289.5 9.63851 1000
-288.75 9.63851 1000
-287.625 9.63851 1000
-285.938 9.63851 1000
-283.406 9.63851 1000
-279.609 9.63851 1000
-273.914 9.63851 1000
-265.371 9.63851 1000
-252.557 9.63851 1000
-233.335 9.63851 1000
-204.502 9.63851 1000
-161.254 9.63851 982.62
-103.733 9.63851 963.567
-27.23 9.63851 951.043
74.5187 9.63851 957.057
209.844 9.63851 1000
412.833 9.63851 1000
717.316 9.63851 1000
-1766.89 13.3192 1000
-1274.26 13.3192 1000
-945.841 13.3192 1000
-726.894 13.3192 1000
-580.929 13.3192 1000
-483.62 13.3192 1000
-418.746 13.3192 1000
-375.498 13.3192 1000
-346.665 13.3192 1000
-327.443 13.3192 1000
-314.629 13.3192 1000
-306.086 13.3192 1000
-300.391 13.3192 1000
-296.594 13.3192 1000
-294.062 13.3192 1000
-292.375 13.3192 1000
-291.25 13.3192 1000
-290.5 13.3192 1000
-290 13.3192 1000
-289.5 13.3192 1000
-288.75 13.3192 1000
-287.625 13.3192 1000
-285.938 13.3192 1000
-283.406 13.3192 1000
-279.609 13.3192 1000
-273.914 13.3192 1000
-265.371 13.3192 1000
-252.557 13.3192 1000
-233.335 13.3192 1000
-204.502 13.3192 1000
-161.254 13.3192 982.725
-103.733 13.3192 963.672
-27.23 13.3192 951.149
74.5187 13.3192 957.163
209.844 13.3192 1000
412.833 13.3192 1000
717.316 13.3192 1000
-1766.89 18.2146 1000
-1274.26 18.2146 1000
-945.841 18.2146 1000
-726.894 18.2146 1000
-580.929 18.2146 1000
-483.62 18.2146 1000
-418.746 18.2146 1000
-375.498 18.2146 1000
-346.665 18.2146 1000
-327.443 18.2146 1000
-314.629 18.2146 1000
-306.086 18.2146 1000
-300.391 18.2146 1000
-296.594 18.2146 1000
-294.062 18.2146 1000
-292.375 18.2146 1000
-291.25 18.2146 1000
-290.5 18.2146 1000
-290 18.2146 1000
-289.5 18.2146 1000
-288.75 18.2146 1000
-287.625 18.2146 1000
-285.938 18.2146 1000
-283.406 18.2146 1000
-279.609 18.2146 1000
-273.914 18.2146 1000
-265.371 18.2146 1000
-252.557 18.2146 1000
-233.335 18.2146 1000
-204.502 18.2146 1000
-161.254 18.2146 982.918
-103.733 18.2146 963.865
-27.23 18.2146 951.342
74.5187 18.2146 957.356
209.844 18.2146 1000
412.833 18.2146 1000
717.316 18.2146 1000
-1766.89 24.7254 1000
-1274.26 24.7254 1000
-945.841 24.7254 1000
-726.894 24.7254 1000
-580.929 24.7254 1000
-483.62 24.7254 1000
-418.746 24.7254 1000
-375.498 24.7254 1000
-346.665 24.7254 1000
-327.443 24.7254 1000
-314.629 24.7254 1000
-306.086 24.7254 1000
-300.391 24.7254 1000
-296.594 24.7254 1000
-294.062 24.7254 1000
-292.375 24.7254 1000
-291.25 24.7254 1000
-290.5 24.7254 1000
-290 24.7254 1000
-289.5 24.7254 1000
-288.75 24.7254 1000
-287.625 24.7254 1000
-285.938 24.7254 1000
-283.406 24.7254 1000
-279.609 24.7254 1000
-273.914 24.7254 1000
-265.371 24.7254 1000
-252.557 24.7254 1000
-233.335 24.7254 1000
-204.502 24.7254 1000
-161.254 24.7254 983.268
-103.733 24.7254 964.215
-27.23 24.7254 951.691
74.5187 24.7254 957.705
209.844 24.7254 1000
412.833 24.7254 1000
717.316 24.7254 1000
-1766.89 33.3847 1000
-1274.26 33.3847 1000
-945.841 33.3847 1000
-726.894 33.3847 1000
-580.929 33.3847 1000
-483.62 33.3847 1000
-418.746 33.3847 1000
-375.498 33.3847 1000
-346.665 33.3847 1000
-327.443 33.3847 1000
-314.629 33.3847 1000
-306.086 33.3847 1000
-300.391 33.3847 1000
-296.594 33.3847 1000
-294.062 33.3847 1000
-292.375 33.3847 1000
-291.25 33.3847 1000
-290.5 33.3847 1000
-290 33.3847 1000
-289.5 33.3847 1000
-288.75 33.3847 1000
-287.625 33.3847 1000
-285.938 33.3847 1000
-283.406 33.3847 1000
-279.609 33.3847 1000
-273.914 33.3847 1000
-265.371 33.3847 1000
-252.557 33.3847 1000
-233.335 33.3847 1000
-204.502 33.3847 1000
-161.254 33.3847 983.897
-103.733 33.3847 964.844
-27.23 33.3847 952.32
74.5187 33.3847 958.334
209.844 33.3847 1000
412.833 33.3847 1000
717.316 33.3847 1000
-1766.89 44.9017 1000
-1274.26 44.9017 1000
-945.841 44.9017 1000
-726.894 44.9017 1000
-580.929 44.9017 1000
-483.62 44.9017 1000
-418.746 44.9017 1000
-375.498 44.9017 1000
-346.665 44.9017 1000
-327.443 44.9017 1000
-314.629 44.9017 1000
-306.086 44.9017 1000
-300.391 44.9017 1000
-296.594 44.9017 1000
-294.062 44.9017 1000
-292.375 44.9017 1000
-291.25 44.9017 1000
-290.5 44.9017 1000
-290 44.9017 1000
-289.5 44.9017 1000
-288.75 44.9017 1000
-287.625 44.9017 1000
-285.938 44.9017 1000
-283.406 44.9017 1000
-279.609 44.9017 1000
-273.914 44.9017 1000
-265.371 44.9017 1000
-252.557 44.9017 1000
-233.335 44.9017 1000
-204.502 44.9017 1000
-161.254 44.9017 985.024
-103.733 44.9017 965.971
-27.23 44.9017 953.447
74.5187 44.9017 959.461
209.844 44.9017 1000
412.833 44.9017 1000
717.316 44.9017 1000
-1766.89 60.2193 1000
-1274.26 60.2193 1000
-945.841 60.2193 1000
-726.894 60.2193 1000
-580.929 60.2193 1000
-483.62 60.2193 1000
-418.746 60.2193 1000
-375.498 60.2193 1000
-346.665 60.2193 1000
-327.443 60.2193 1000
-314.629 60.2193 1000
-306.086 60.2193 1000
-300.391 60.2193 1000
-296.594 60.2193 1000
-294.062 60.2193 1000
-292.375 60.2193 1000
-291.25 60.2193 1000
-290.5 60.2193 1000
-290 60.2193 1000
-289.5 60.2193 1000
-288.75 60.2193 1000
-287.625 60.2193 1000
-285.938 60.2193 1000
-283.406 60.2193 1000
-279.609 60.2193 1000
-273.914 60.2193 1000
-265.371 60.2193 1000
-252.557 60.2193 1000
-233.335 60.2193 1000
-204.502 60.2193 1000
-161.254 60.2193 987.036
-103.733 60.2193 967.984
-27.23 60.2193 955.46
74.5187 60.2193 961.474
209.844 60.2193 1000
412.833 60.2193 1000
717.316 60.2193 1000
-1766.89 80.5916 1000
-1274.26 80.5916 1000
-945.841 80.5916 1000
-726.894 80.5916 1000
-580.929 80.5916 1000
-483.62 80.5916 1000
-418.746 80.5916 1000
-375.498 80.5916 1000
-346.665 80.5916 1000
-327.443 80.5916 1000
-314.629 80.5916 1000
-306.086 80.5916 1000
-300.391 80.5916 1000
-296.594 80.5916 1000
-294.062 80.5916 1000
-292.375 80.5916 1000
-291.25 80.5916 1000
-290.5 80.5916 1000
-290 80.5916 1000
-289.5 80.5916 1000
-288.75 80.5916 1000
-287.625 80.5916 1000
-285.938 80.5916 1000
-283.406 80.5916 1000
-279.609 80.5916 1000
-273.914 80.5916 1000
-265.371 80.5916 1000
-252.557 80.5916 1000
-233.335 80.5916 1000
-204.502 80.5916 1000
-161.254 80.5916 990.622
-103.733 80.5916 971.569
-27.23 80.5916 959.046
74.5187 80.5916 965.06
209.844 80.5916 1000
412.833 80.5916 1000
717.316 80.5916 1000
-1766.89 107.687 1000
-1274.26 107.687 1000
-945.841 107.687 1000
-726.894 107.687 1000
-580.929 107.687 1000
-483.62 107.687 1000
-418.746 107.687 1000
-375.498 107.687 1000
-346.665 107.687 1000
-327.443 107.687 1000
-314.629 107.687 1000
-306.086 107.687 1000
-300.391 107.687 1000
-296.594 107.687 1000
-294.062 107.687 1000
-292.375 107.687 1000
-291.25 107.687 1000
-290.5 107.687 1000
-290 107.687 1000
-289.5 107.687 1000
-288.75 107.687 1000
-287.625 107.687 1000
-285.938 107.687 1000
-283.406 107.687 1000
-279.609 107.687 1000
-273.914 107.687 1000
-265.371 107.687 1000
-252.557 107.687 1000
-233.335 107.687 1000
-204.502 107.687 1000
-161.254 107.687 996.999
-103.733 107.687 977.946
-27.23 107.687 965.422
74.5187 107.687 971.437
209.844 107.687 1000
412.833 107.687 1000
717.316 107.687 1000
-1766.89 143.724 1000
-1274.26 143.724 1000
-945.841 143.724 1000
-726.894 143.724 1000
-580.929 143.724 1000
-483.62 143.724 1000
-418.746 143.724 1000
-375.498 143.724 1000
-346.665 143.724 1000
-327.443 143.724 1000
-314.629 143.724 1000
-306.086 143.724 1000
-300.391 143.724 1000
-296.594 143.724 1000
-294.062 143.724 1000
-292.375 143.724 1000
-291.25 143.724 1000
-290.5 143.724 1000
-290 143.724 1000
-289.5 143.724 1000
-288.75 143.724 1000
-287.625 143.724 1000
-285.938 143.724 1000
-283.406 143.724 1000
-279.609 143.724 1000
-273.914 143.724 1000
-265.371 143.724 1000
-252.557 143.724 1000
-233.335 143.724 1000
-204.502 143.724 1000
-161.254 143.724 1000
-103.733 143.724 989.271
-27.23 143.724 976.747
74.5187 143.724 982.762
209.844 143.724 1000
412.833 143.724 1000
717.316 143.724 1000
-1766.89 191.652 1000
-1274.26 191.652 1000
-945.841 191.652 1000
-726.894 191.652 1000
-580.929 191.652 1000
-483.62 191.652 1000
-418.746 191.652 1000
-375.498 191.652 1000
-346.665 191.652 1000
-327.443 191.652 1000
-314.629 191.652 1000
-306.086 191.652 1000
-300.391 191.652 1000
-296.594 191.652 1000
-294.062 191.652 1000
-292.375 191.652 1000
-291.25 191.652 1000
-290.5 191.652 1000
-290 191.652 1000
-289.5 191.652 1000
-288.75 191.652 1000
-287.625 191.652 1000
-285.938 191.652 1000
-283.406 191.652 1000
-279.609 191.652 1000
-273.914 191.652 1000
-265.371 191.652 1000
-252.557 191.652 1000
-233.335 191.652 1000
-204.502 191.652 1000
-161.254 191.652 1000
-103.733 191.652 1000
-27.23 191.652 996.84
74.5187 191.652 1000
209.844 191.652 1000
412.833 191.652 1000
717.316 191.652 1000
-1766.89 255.398 1000
-1274.26 255.398 1000
-945.841 255.398 1000
-726.894 255.398 1000
-580.929 255.398 1000
-483.62 255.398 1000
-418.746 255.398 1000
-375.498 255.398 1000
-346.665 255.398 1000
-327.443 255.398 1000
-314.629 255.398 1000
-306.086 255.398 1000
-300.391 255.398 1000
-296.594 255.398 1000
-294.062 255.398 1000
-292.375 255.398 1000
-291.25 255.398 1000
-290.5 255.398 1000
-290 255.398 1000
-289.5 255.398 1000
-288.75 255.398 1000
-287.625 255.398 1000
-285.938 255.398 1000
-283.406 255.398 1000
-279.609 255.398 1000
-273.914 255.398 1000
-265.371 255.398 1000
-252.557 255.398 1000
-233.335 255.398 1000
-204.502 255.398 1000
-161.254 255.398 1000
-103.733 255.398 1000
-27.23 255.398 1000
74.5187 255.398 1000
209.844 255.398 1000
412.833 255.398 1000
717.316 255.398 1000
-1766.89 351.015 1000
-1274.26 351.015 1000
-945.841 351.015 1000
-726.894 351.015 1000
-580.929 351.015 1000
-483.62 351.015 1000
-418.746 351.015 1000
-375.498 351.015 1000
-346.665 351.015 1000
-327.443 351.015 1000
-314.629 351.015 1000
-306.086 351.015 1000
-300.391 351.015 1000
-296.594 351.015 1000
-294.062 351.015 1000
-292.375 351.015 1000
-291.25 351.015 1000
-290.5 351.015 1000
-290 351.015 1000
-289.5 351.015 1000
-288.75 351.015 1000
-287.625 351.015 1000
-285.938 351.015 1000
-283.406 351.015 1000
-279.609 351.015 1000
-273.914 351.015 1000
-265.371 351.015 1000
-252.557 351.015 1000
-233.335 351.015 1000
-204.502 351.015 1000
-161.254 351.015 1000
-103.733 351.015 1000
-27.23 351.015 1000
74.5187 351.015 1000
209.844 351.015 1000
412.833 351.015 1000
717.316 351.015 1000
-1766.89 494.442 1000
-1274.26 494.442 1000
-945.841 494.442 1000
-726.894 494.442 1000
-580.929 494.442 1000
-483.62 494.442 1000
-418.746 494.442 1000
-375.498 494.442 1000
-346.665 494.442 1000
-327.443 494.442 1000
-314.629 494.442 1000
-306.086 494.442 1000
-300.391 494.442 1000
-296.594 494.442 1000
-294.062 494.442 1000
-292.375 494.442 1000
-291.25 494.442 1000
-290.5 494.442 1000
-290 494.442 1000
-289.5 494.442 1000
-288.75 494.442 1000
-287.625 494.442 1000
-285.938 494.442 1000
-283.406 494.442 1000
-279.609 494.442 1000
-273.914 494.442 1000
-265.371 494.442 1000
-252.557 494.442 1000
-233.335 494.442 1000
-204.502 494.442 1000
-161.254 494.442 1000
-103.733 494.442 1000
-27.23 494.442 1000
74.5187 494.442 1000
209.844 494.442 1000
412.833 494.442 1000
717.316 494.442 1000
-1766.89 709.583 1000
-1274.26 709.583 1000
-945.841 709.583 1000
-726.894 709.583 1000
-580.929 709.583 1000
-483.62 709.583 1000
-418.746 709.583 1000
-375.498 709.583 1000
-346.665 709.583 1000
-327.443 709.583 1000
-314.629 709.583 1000
-306.086 709.583 1000
-300.391 709.583 1000
-296.594 709.583 1000
-294.062 709.583 1000
-292.375 709.583 1000
-291.25 709.583 1000
-290.5 709.583 1000
-290 709.583 1000
-289.5 709.583 1000
-288.75 709.583 1000
-287.625 709.583 1000
-285.938 709.583 1000
-283.406 709.583 1000
-279.609 709.583 1000
-273.914 709.583 1000
-265.371 709.583 1000
-252.557 709.583 1000
-233.335 709.583 1000
-204.502 709.583 1000
-161.254 709.583 1000
-103.733 709.583 1000
-27.23 709.583 1000
74.5187 709.583 1000
209.844 709.583 1000
412.833 709.583 1000
717.316 709.583 1000
-1766.89 1032.29 1000
-1274.26 1032.29 1000
-945.841 1032.29 1000
-726.894 1032.29 1000
-580.929 1032.29 1000
-483.62 1032.29 1000
-418.746 1032.29 1000
-375.498 1032.29 1000
-346.665 1032.29 1000
-327.443 1032.29 1000
-314.629 1032.29 1000
-306.086 1032.29 1000
-300.391 1032.29 1000
-296.594 1032.29 1000
-294.062 1032.29 1000
-292.375 1032.29 1000
-291.25 1032.29 1000
-290.5 1032.29 1000
-290 1032.29 1000
-289.5 1032.29 1000
-288.75 1032.29 1000
-287.625 1032.29 1000
-285.938 1032.29 1000
-283.406 1032.29 1000
-279.609 1032.29 1000
-273.914 1032.29 1000
-265.371 1032.29 1000
-252.557 1032.29 1000
-233.335 1032.29 1000
-204.502 1032.29 1000
-161.254 1032.29 1000
-103.733 1032.29 1000
-27.23 1032.29 1000
74.5187 1032.29 1000
209.844 1032.29 1000
412.833 1032.29 1000
717.316 1032.29 1000
