
-290.0000000000000000 0.0000000000000000 1000.0000000000000000
-265.0000000000000000 0.0000000000000000 1000.0000000000000000
-240.0000000000000000 0.0000000000000000 1000.0000000000000000
-215.0000000000000000 0.0000000000000000 1000.0000000000000000
-191.0584889270634790 0.0000000000000000 994.5611629479190015
-167.8831626102946473 0.0000000000000000 985.1854363034778999
-144.3104087873109052 0.0000000000000000 976.8912637905951897
-120.5784156564283194 0.0000000000000000 969.0304430932543482
-96.5737746433275959 0.0000000000000000 962.2786583145013992
-71.9021741237333458 0.0000000000000000 958.2398307864239086
-47.2305736041390887 0.0000000000000000 954.2010032583464181
-22.5050451109959262 0.0000000000000000 951.2061395163967745
2.4513929320936541 0.0000000000000000 952.6813344870467972
27.4078309751832343 0.0000000000000000 954.1565294576968199
52.3642690182728074 0.0000000000000000 955.6317244283468426
77.1934606210407992 0.0000000000000000 957.7923717940825554
101.0165786099260288 0.0000000000000000 965.3725465471903817
124.8396965988112584 0.0000000000000000 972.9527213002982080
148.6628145876964879 0.0000000000000000 980.5328960534060343
172.4859325765817175 0.0000000000000000 988.1130708065137469
196.3090505654669471 0.0000000000000000 995.6932455596215732
220.6403929167640854 0.0000000000000000 1000.0000000000000000
