-290.00000000000000 1000.00000000000000 17.36094621063151
-265.00000000000000 1000.00000000000000 0.04509349806913
-240.00000000000000 1000.00000000000000 0.01684473206772
-215.00000000000000 1000.00000000000000 0.00828559504714
-191.05848892706348 994.56116294791900 0.00474130693804
-167.88316261029465 985.18543630347790 0.00277768349227
-144.31040878731091 976.89126379059519 0.00166547257742
-120.57841565642832 969.03044309325435 0.00099776379460
-96.57377464332760 962.27865831450140 0.00045614904300
-71.90217412373335 958.23983078642391 0.00033512433482
-47.23057360413909 954.20100325834642 0.00021254747154
-22.50504511099593 951.20613951639677 0.00010739646152
2.45139293209365 952.68133448704680 0.00008601111138
27.40783097518323 954.15652945769682 0.00006474593591
52.36426901827281 955.63172442834684 0.00004353344441
77.19346062104080 957.79237179408256 0.00002768831246
101.01657860992603 965.37254654719038 0.00002391251401
124.83969659881126 972.95272130029821 0.00001918237345
148.66281458769649 980.53289605340603 0.00001521668471
172.48593257658172 988.11307080651375 0.00001156322205
196.30905056546695 995.69324555962157 0.00000824995245
220.64039291676409 1000.00000000000000 0.00000608816651
220.64039291676409 1000.00000000000000 0.00000608816651
