-1582.155467110400000
-985.888820854156000
-527.222169887812000
-174.401669144471000
96.998716042715000
305.768243109781000
466.360187007524000
589.892451544249000
684.917270418653000
758.013284937426000
814.240988413404000
857.493068010311000
890.763898469470000
916.356844976516000
936.043726905012000
951.187482234625000
962.836524795865000
971.797326766050000
978.690251358500000
983.992501045000000
988.071154650000000
991.208580500000000
993.621985000000000
995.478450000000000
996.906500000000000
998.005000000000000
998.850000000000000
999.500000000000000
1000.000000000000000