
1 0.0000000000000000
2 0.1250000000000000
3 1.0000000000000000
4 3.3750000000000000
5 8.0000000000000000
6 15.6250000000000000
7 27.0000000000000000
8 42.8750000000000000
9 64.0000000000000000
10 91.1250000000000000
11 125.0000000000000000
12 166.3750000000000000
13 216.0000000000000000
14 274.6250000000000000
15 343.0000000000000000
16 421.8750000000000000
17 512.0000000000000000
18 614.1250000000000000
19 729.0000000000000000
20 857.3750000000000000
21 1000.0000000000000000
22 0.1250000000000000
23 0.2500000000000000
24 1.1250000000000000
25 3.5000000000000000
26 8.1250000000000000
27 15.7500000000000000
28 27.1250000000000000
29 43.0000000000000000
30 64.1250000000000000
31 91.2500000000000000
32 125.1250000000000000
33 166.5000000000000000
34 216.1250000000000000
35 274.7500000000000000
36 343.1250000000000000
37 422.0000000000000000
38 512.1250000000000000
39 614.2500000000000000
40 729.1250000000000000
41 857.5000000000000000
42 1000.1250000000000000
43 1.0000000000000000
44 1.1250000000000000
45 2.0000000000000000
46 4.3750000000000000
47 9.0000000000000000
48 16.6250000000000000
49 28.0000000000000000
50 43.8750000000000000
51 65.0000000000000000
52 92.1250000000000000
53 126.0000000000000000
54 167.3750000000000000
55 217.0000000000000000
56 275.6250000000000000
57 344.0000000000000000
58 422.8750000000000000
59 513.0000000000000000
60 615.1250000000000000
61 730.0000000000000000
62 858.3750000000000000
63 1001.0000000000000000
64 3.3750000000000000
65 3.5000000000000000
66 4.3750000000000000
67 6.7500000000000000
68 11.3750000000000000
69 19.0000000000000000
70 30.3750000000000000
71 46.2500000000000000
72 67.3750000000000000
73 94.5000000000000000
74 128.3750000000000000
75 169.7500000000000000
76 219.3750000000000000
77 278.0000000000000000
78 346.3750000000000000
79 425.2500000000000000
80 515.3750000000000000
81 617.5000000000000000
82 732.3750000000000000
83 860.7500000000000000
84 1003.3750000000000000
85 8.0000000000000000
86 8.1250000000000000
87 9.0000000000000000
88 11.3750000000000000
89 16.0000000000000000
90 23.6250000000000000
91 35.0000000000000000
92 50.8750000000000000
93 72.0000000000000000
94 99.1250000000000000
95 133.0000000000000000
96 174.3750000000000000
97 224.0000000000000000
98 282.6250000000000000
99 351.0000000000000000
100 429.8750000000000000
101 520.0000000000000000
102 622.1250000000000000
103 737.0000000000000000
104 865.3750000000000000
105 1008.0000000000000000
106 15.6250000000000000
107 15.7500000000000000
108 16.6250000000000000
109 19.0000000000000000
110 23.6250000000000000
111 31.2500000000000000
112 42.6250000000000000
113 58.5000000000000000
114 79.6250000000000000
115 106.7500000000000000
116 140.6250000000000000
117 182.0000000000000000
118 231.6250000000000000
119 290.2500000000000000
120 358.6250000000000000
121 437.5000000000000000
122 527.6250000000000000
123 629.7500000000000000
124 744.6250000000000000
125 873.0000000000000000
126 1015.6250000000000000
127 27.0000000000000000
128 27.1250000000000000
129 28.0000000000000000
130 30.3750000000000000
131 35.0000000000000000
132 42.6250000000000000
133 54.0000000000000000
134 69.8750000000000000
135 91.0000000000000000
136 118.1250000000000000
137 152.0000000000000000
138 193.3750000000000000
139 243.0000000000000000
140 301.6250000000000000
141 370.0000000000000000
142 448.8750000000000000
143 539.0000000000000000
144 641.1250000000000000
145 756.0000000000000000
146 884.3750000000000000
147 1027.0000000000000000
148 42.8750000000000000
149 43.0000000000000000
150 43.8750000000000000
151 46.2500000000000000
152 50.8750000000000000
153 58.5000000000000000
154 69.8750000000000000
155 85.7500000000000000
156 106.8750000000000000
157 134.0000000000000000
158 167.8750000000000000
159 209.2500000000000000
160 258.8750000000000000
161 317.5000000000000000
162 385.8750000000000000
163 464.7500000000000000
164 554.8750000000000000
165 657.0000000000000000
166 771.8750000000000000
167 900.2500000000000000
168 1042.8750000000000000
169 64.0000000000000000
170 64.1250000000000000
171 65.0000000000000000
172 67.3750000000000000
173 72.0000000000000000
174 79.6250000000000000
175 91.0000000000000000
176 106.8750000000000000
177 128.0000000000000000
178 155.1250000000000000
179 189.0000000000000000
180 230.3750000000000000
181 280.0000000000000000
182 338.6250000000000000
183 407.0000000000000000
184 485.8750000000000000
185 576.0000000000000000
186 678.1250000000000000
187 793.0000000000000000
188 921.3750000000000000
189 1064.0000000000000000
190 91.1250000000000000
191 91.2500000000000000
192 92.1250000000000000
193 94.5000000000000000
194 99.1250000000000000
195 106.7500000000000000
196 118.1250000000000000
197 134.0000000000000000
198 155.1250000000000000
199 182.2500000000000000
200 216.1250000000000000
201 257.5000000000000000
202 307.1250000000000000
203 365.7500000000000000
204 434.1250000000000000
205 513.0000000000000000
206 603.1250000000000000
207 705.2500000000000000
208 820.1250000000000000
209 948.5000000000000000
210 1091.1250000000000000
211 125.0000000000000000
212 125.1250000000000000
213 126.0000000000000000
214 128.3750000000000000
215 133.0000000000000000
216 140.6250000000000000
217 152.0000000000000000
218 167.8750000000000000
219 189.0000000000000000
220 216.1250000000000000
221 250.0000000000000000
222 291.3750000000000000
223 341.0000000000000000
224 399.6250000000000000
225 468.0000000000000000
226 546.8750000000000000
227 637.0000000000000000
228 739.1250000000000000
229 854.0000000000000000
230 982.3750000000000000
231 1125.0000000000000000
232 166.3750000000000000
233 166.5000000000000000
234 167.3750000000000000
235 169.7500000000000000
236 174.3750000000000000
237 182.0000000000000000
238 193.3750000000000000
239 209.2500000000000000
240 230.3750000000000000
241 257.5000000000000000
242 291.3750000000000000
243 332.7500000000000000
244 382.3750000000000000
245 441.0000000000000000
246 509.3750000000000000
247 588.2500000000000000
248 678.3750000000000000
249 780.5000000000000000
250 895.3750000000000000
251 1023.7500000000000000
252 1166.3750000000000000
253 216.0000000000000000
254 216.1250000000000000
255 217.0000000000000000
256 219.3750000000000000
257 224.0000000000000000
258 231.6250000000000000
259 243.0000000000000000
260 258.8750000000000000
261 280.0000000000000000
262 307.1250000000000000
263 341.0000000000000000
264 382.3750000000000000
265 432.0000000000000000
266 490.6250000000000000
267 559.0000000000000000
268 637.8750000000000000
269 728.0000000000000000
270 830.1250000000000000
271 945.0000000000000000
272 1073.3750000000000000
273 1216.0000000000000000
274 274.6250000000000000
275 274.7500000000000000
276 275.6250000000000000
277 278.0000000000000000
278 282.6250000000000000
279 290.2500000000000000
280 301.6250000000000000
281 317.5000000000000000
282 338.6250000000000000
283 365.7500000000000000
284 399.6250000000000000
285 441.0000000000000000
286 490.6250000000000000
287 549.2500000000000000
288 617.6250000000000000
289 696.5000000000000000
290 786.6250000000000000
291 888.7500000000000000
292 1003.6250000000000000
293 1132.0000000000000000
294 1274.6250000000000000
295 343.0000000000000000
296 343.1250000000000000
297 344.0000000000000000
298 346.3750000000000000
299 351.0000000000000000
300 358.6250000000000000
301 370.0000000000000000
302 385.8750000000000000
303 407.0000000000000000
304 434.1250000000000000
305 468.0000000000000000
306 509.3750000000000000
307 559.0000000000000000
308 617.6250000000000000
309 686.0000000000000000
310 764.8750000000000000
311 855.0000000000000000
312 957.1250000000000000
313 1072.0000000000000000
314 1200.3750000000000000
315 1343.0000000000000000
316 421.8750000000000000
317 422.0000000000000000
318 422.8750000000000000
319 425.2500000000000000
320 429.8750000000000000
321 437.5000000000000000
322 448.8750000000000000
323 464.7500000000000000
324 485.8750000000000000
325 513.0000000000000000
326 546.8750000000000000
327 588.2500000000000000
328 637.8750000000000000
329 696.5000000000000000
330 764.8750000000000000
331 843.7500000000000000
332 933.8750000000000000
333 1036.0000000000000000
334 1150.8750000000000000
335 1279.2500000000000000
336 1421.8750000000000000
337 512.0000000000000000
338 512.1250000000000000
339 513.0000000000000000
340 515.3750000000000000
341 520.0000000000000000
342 527.6250000000000000
343 539.0000000000000000
344 554.8750000000000000
345 576.0000000000000000
346 603.1250000000000000
347 637.0000000000000000
348 678.3750000000000000
349 728.0000000000000000
350 786.6250000000000000
351 855.0000000000000000
352 933.8750000000000000
353 1024.0000000000000000
354 1126.1250000000000000
355 1241.0000000000000000
356 1369.3750000000000000
357 1512.0000000000000000
358 614.1250000000000000
359 614.2500000000000000
360 615.1250000000000000
361 617.5000000000000000
362 622.1250000000000000
363 629.7500000000000000
364 641.1250000000000000
365 657.0000000000000000
366 678.1250000000000000
367 705.2500000000000000
368 739.1250000000000000
369 780.5000000000000000
370 830.1250000000000000
371 888.7500000000000000
372 957.1250000000000000
373 1036.0000000000000000
374 1126.1250000000000000
375 1228.2500000000000000
376 1343.1250000000000000
377 1471.5000000000000000
378 1614.1250000000000000
379 729.0000000000000000
380 729.1250000000000000
381 730.0000000000000000
382 732.3750000000000000
383 737.0000000000000000
384 744.6250000000000000
385 756.0000000000000000
386 771.8750000000000000
387 793.0000000000000000
388 820.1250000000000000
389 854.0000000000000000
390 895.3750000000000000
391 945.0000000000000000
392 1003.6250000000000000
393 1072.0000000000000000
394 1150.8750000000000000
395 1241.0000000000000000
396 1343.1250000000000000
397 1458.0000000000000000
398 1586.3750000000000000
399 1729.0000000000000000
400 857.3750000000000000
401 857.5000000000000000
402 858.3750000000000000
403 860.7500000000000000
404 865.3750000000000000
405 873.0000000000000000
406 884.3750000000000000
407 900.2500000000000000
408 921.3750000000000000
409 948.5000000000000000
410 982.3750000000000000
411 1023.7500000000000000
412 1073.3750000000000000
413 1132.0000000000000000
414 1200.3750000000000000
415 1279.2500000000000000
416 1369.3750000000000000
417 1471.5000000000000000
418 1586.3750000000000000
419 1714.7500000000000000
420 1857.3750000000000000
421 1000.0000000000000000
422 1000.1250000000000000
423 1001.0000000000000000
424 1003.3750000000000000
425 1008.0000000000000000
426 1015.6250000000000000
427 1027.0000000000000000
428 1042.8750000000000000
429 1064.0000000000000000
430 1091.1250000000000000
431 1125.0000000000000000
432 1166.3750000000000000
433 1216.0000000000000000
434 1274.6250000000000000
435 1343.0000000000000000
436 1421.8750000000000000
437 1512.0000000000000000
438 1614.1250000000000000
439 1729.0000000000000000
440 1857.3750000000000000
441 2000.0000000000000000

1 0.0000000000000000
22 0.1250000000000000
43 1.0000000000000000
64 3.3750000000000000
85 8.0000000000000000
106 15.6250000000000000
127 27.0000000000000000
148 42.8750000000000000
169 64.0000000000000000
190 91.1250000000000000
211 125.0000000000000000
232 166.3750000000000000
253 216.0000000000000000
274 274.6250000000000000
295 343.0000000000000000
316 421.8750000000000000
337 512.0000000000000000
358 614.1250000000000000
379 729.0000000000000000
400 857.3750000000000000
421 1000.0000000000000000
442 0.1250000000000000
463 0.2500000000000000
484 1.1250000000000000
505 3.5000000000000000
526 8.1250000000000000
547 15.7500000000000000
568 27.1250000000000000
589 43.0000000000000000
610 64.1250000000000000
631 91.2500000000000000
652 125.1250000000000000
673 166.5000000000000000
694 216.1250000000000000
715 274.7500000000000000
736 343.1250000000000000
757 422.0000000000000000
778 512.1250000000000000
799 614.2500000000000000
820 729.1250000000000000
841 857.5000000000000000
862 1000.1250000000000000
883 1.0000000000000000
904 1.1250000000000000
925 2.0000000000000000
946 4.3750000000000000
967 9.0000000000000000
988 16.6250000000000000
1009 28.0000000000000000
1030 43.8750000000000000
1051 65.0000000000000000
1072 92.1250000000000000
1093 126.0000000000000000
1114 167.3750000000000000
1135 217.0000000000000000
1156 275.6250000000000000
1177 344.0000000000000000
1198 422.8750000000000000
1219 513.0000000000000000
1240 615.1250000000000000
1261 730.0000000000000000
1282 858.3750000000000000
1303 1001.0000000000000000
1324 3.3750000000000000
1345 3.5000000000000000
1366 4.3750000000000000
1387 6.7500000000000000
1408 11.3750000000000000
1429 19.0000000000000000
1450 30.3750000000000000
1471 46.2500000000000000
1492 67.3750000000000000
1513 94.5000000000000000
1534 128.3750000000000000
1555 169.7500000000000000
1576 219.3750000000000000
1597 278.0000000000000000
1618 346.3750000000000000
1639 425.2500000000000000
1660 515.3750000000000000
1681 617.5000000000000000
1702 732.3750000000000000
1723 860.7500000000000000
1744 1003.3750000000000000
1765 8.0000000000000000
1786 8.1250000000000000
1807 9.0000000000000000
1828 11.3750000000000000
1849 16.0000000000000000
1870 23.6250000000000000
1891 35.0000000000000000
1912 50.8750000000000000
1933 72.0000000000000000
1954 99.1250000000000000
1975 133.0000000000000000
1996 174.3750000000000000
2017 224.0000000000000000
2038 282.6250000000000000
2059 351.0000000000000000
2080 429.8750000000000000
2101 520.0000000000000000
2122 622.1250000000000000
2143 737.0000000000000000
2164 865.3750000000000000
2185 1008.0000000000000000
2206 15.6250000000000000
2227 15.7500000000000000
2248 16.6250000000000000
2269 19.0000000000000000
2290 23.6250000000000000
2311 31.2500000000000000
2332 42.6250000000000000
2353 58.5000000000000000
2374 79.6250000000000000
2395 106.7500000000000000
2416 140.6250000000000000
2437 182.0000000000000000
2458 231.6250000000000000
2479 290.2500000000000000
2500 358.6250000000000000
2521 437.5000000000000000
2542 527.6250000000000000
2563 629.7500000000000000
2584 744.6250000000000000
2605 873.0000000000000000
2626 1015.6250000000000000
2647 27.0000000000000000
2668 27.1250000000000000
2689 28.0000000000000000
2710 30.3750000000000000
2731 35.0000000000000000
2752 42.6250000000000000
2773 54.0000000000000000
2794 69.8750000000000000
2815 91.0000000000000000
2836 118.1250000000000000
2857 152.0000000000000000
2878 193.3750000000000000
2899 243.0000000000000000
2920 301.6250000000000000
2941 370.0000000000000000
2962 448.8750000000000000
2983 539.0000000000000000
3004 641.1250000000000000
3025 756.0000000000000000
3046 884.3750000000000000
3067 1027.0000000000000000
3088 42.8750000000000000
3109 43.0000000000000000
3130 43.8750000000000000
3151 46.2500000000000000
3172 50.8750000000000000
3193 58.5000000000000000
3214 69.8750000000000000
3235 85.7500000000000000
3256 106.8750000000000000
3277 134.0000000000000000
3298 167.8750000000000000
3319 209.2500000000000000
3340 258.8750000000000000
3361 317.5000000000000000
3382 385.8750000000000000
3403 464.7500000000000000
3424 554.8750000000000000
3445 657.0000000000000000
3466 771.8750000000000000
3487 900.2500000000000000
3508 1042.8750000000000000
3529 64.0000000000000000
3550 64.1250000000000000
3571 65.0000000000000000
3592 67.3750000000000000
3613 72.0000000000000000
3634 79.6250000000000000
3655 91.0000000000000000
3676 106.8750000000000000
3697 128.0000000000000000
3718 155.1250000000000000
3739 189.0000000000000000
3760 230.3750000000000000
3781 280.0000000000000000
3802 338.6250000000000000
3823 407.0000000000000000
3844 485.8750000000000000
3865 576.0000000000000000
3886 678.1250000000000000
3907 793.0000000000000000
3928 921.3750000000000000
3949 1064.0000000000000000
3970 91.1250000000000000
3991 91.2500000000000000
4012 92.1250000000000000
4033 94.5000000000000000
4054 99.1250000000000000
4075 106.7500000000000000
4096 118.1250000000000000
4117 134.0000000000000000
4138 155.1250000000000000
4159 182.2500000000000000
4180 216.1250000000000000
4201 257.5000000000000000
4222 307.1250000000000000
4243 365.7500000000000000
4264 434.1250000000000000
4285 513.0000000000000000
4306 603.1250000000000000
4327 705.2500000000000000
4348 820.1250000000000000
4369 948.5000000000000000
4390 1091.1250000000000000
4411 125.0000000000000000
4432 125.1250000000000000
4453 126.0000000000000000
4474 128.3750000000000000
4495 133.0000000000000000
4516 140.6250000000000000
4537 152.0000000000000000
4558 167.8750000000000000
4579 189.0000000000000000
4600 216.1250000000000000
4621 250.0000000000000000
4642 291.3750000000000000
4663 341.0000000000000000
4684 399.6250000000000000
4705 468.0000000000000000
4726 546.8750000000000000
4747 637.0000000000000000
4768 739.1250000000000000
4789 854.0000000000000000
4810 982.3750000000000000
4831 1125.0000000000000000
4852 166.3750000000000000
4873 166.5000000000000000
4894 167.3750000000000000
4915 169.7500000000000000
4936 174.3750000000000000
4957 182.0000000000000000
4978 193.3750000000000000
4999 209.2500000000000000
5020 230.3750000000000000
5041 257.5000000000000000
5062 291.3750000000000000
5083 332.7500000000000000
5104 382.3750000000000000
5125 441.0000000000000000
5146 509.3750000000000000
5167 588.2500000000000000
5188 678.3750000000000000
5209 780.5000000000000000
5230 895.3750000000000000
5251 1023.7500000000000000
5272 1166.3750000000000000
5293 216.0000000000000000
5314 216.1250000000000000
5335 217.0000000000000000
5356 219.3750000000000000
5377 224.0000000000000000
5398 231.6250000000000000
5419 243.0000000000000000
5440 258.8750000000000000
5461 280.0000000000000000
5482 307.1250000000000000
5503 341.0000000000000000
5524 382.3750000000000000
5545 432.0000000000000000
5566 490.6250000000000000
5587 559.0000000000000000
5608 637.8750000000000000
5629 728.0000000000000000
5650 830.1250000000000000
5671 945.0000000000000000
5692 1073.3750000000000000
5713 1216.0000000000000000
5734 274.6250000000000000
5755 274.7500000000000000
5776 275.6250000000000000
5797 278.0000000000000000
5818 282.6250000000000000
5839 290.2500000000000000
5860 301.6250000000000000
5881 317.5000000000000000
5902 338.6250000000000000
5923 365.7500000000000000
5944 399.6250000000000000
5965 441.0000000000000000
5986 490.6250000000000000
6007 549.2500000000000000
6028 617.6250000000000000
6049 696.5000000000000000
6070 786.6250000000000000
6091 888.7500000000000000
6112 1003.6250000000000000
6133 1132.0000000000000000
6154 1274.6250000000000000
6175 343.0000000000000000
6196 343.1250000000000000
6217 344.0000000000000000
6238 346.3750000000000000
6259 351.0000000000000000
6280 358.6250000000000000
6301 370.0000000000000000
6322 385.8750000000000000
6343 407.0000000000000000
6364 434.1250000000000000
6385 468.0000000000000000
6406 509.3750000000000000
6427 559.0000000000000000
6448 617.6250000000000000
6469 686.0000000000000000
6490 764.8750000000000000
6511 855.0000000000000000
6532 957.1250000000000000
6553 1072.0000000000000000
6574 1200.3750000000000000
6595 1343.0000000000000000
6616 421.8750000000000000
6637 422.0000000000000000
6658 422.8750000000000000
6679 425.2500000000000000
6700 429.8750000000000000
6721 437.5000000000000000
6742 448.8750000000000000
6763 464.7500000000000000
6784 485.8750000000000000
6805 513.0000000000000000
6826 546.8750000000000000
6847 588.2500000000000000
6868 637.8750000000000000
6889 696.5000000000000000
6910 764.8750000000000000
6931 843.7500000000000000
6952 933.8750000000000000
6973 1036.0000000000000000
6994 1150.8750000000000000
7015 1279.2500000000000000
7036 1421.8750000000000000
7057 512.0000000000000000
7078 512.1250000000000000
7099 513.0000000000000000
7120 515.3750000000000000
7141 520.0000000000000000
7162 527.6250000000000000
7183 539.0000000000000000
7204 554.8750000000000000
7225 576.0000000000000000
7246 603.1250000000000000
7267 637.0000000000000000
7288 678.3750000000000000
7309 728.0000000000000000
7330 786.6250000000000000
7351 855.0000000000000000
7372 933.8750000000000000
7393 1024.0000000000000000
7414 1126.1250000000000000
7435 1241.0000000000000000
7456 1369.3750000000000000
7477 1512.0000000000000000
7498 614.1250000000000000
7519 614.2500000000000000
7540 615.1250000000000000
7561 617.5000000000000000
7582 622.1250000000000000
7603 629.7500000000000000
7624 641.1250000000000000
7645 657.0000000000000000
7666 678.1250000000000000
7687 705.2500000000000000
7708 739.1250000000000000
7729 780.5000000000000000
7750 830.1250000000000000
7771 888.7500000000000000
7792 957.1250000000000000
7813 1036.0000000000000000
7834 1126.1250000000000000
7855 1228.2500000000000000
7876 1343.1250000000000000
7897 1471.5000000000000000
7918 1614.1250000000000000
7939 729.0000000000000000
7960 729.1250000000000000
7981 730.0000000000000000
8002 732.3750000000000000
8023 737.0000000000000000
8044 744.6250000000000000
8065 756.0000000000000000
8086 771.8750000000000000
8107 793.0000000000000000
8128 820.1250000000000000
8149 854.0000000000000000
8170 895.3750000000000000
8191 945.0000000000000000
8212 1003.6250000000000000
8233 1072.0000000000000000
8254 1150.8750000000000000
8275 1241.0000000000000000
8296 1343.1250000000000000
8317 1458.0000000000000000
8338 1586.3750000000000000
8359 1729.0000000000000000
8380 857.3750000000000000
8401 857.5000000000000000
8422 858.3750000000000000
8443 860.7500000000000000
8464 865.3750000000000000
8485 873.0000000000000000
8506 884.3750000000000000
8527 900.2500000000000000
8548 921.3750000000000000
8569 948.5000000000000000
8590 982.3750000000000000
8611 1023.7500000000000000
8632 1073.3750000000000000
8653 1132.0000000000000000
8674 1200.3750000000000000
8695 1279.2500000000000000
8716 1369.3750000000000000
8737 1471.5000000000000000
8758 1586.3750000000000000
8779 1714.7500000000000000
8800 1857.3750000000000000
8821 1000.0000000000000000
8842 1000.1250000000000000
8863 1001.0000000000000000
8884 1003.3750000000000000
8905 1008.0000000000000000
8926 1015.6250000000000000
8947 1027.0000000000000000
8968 1042.8750000000000000
8989 1064.0000000000000000
9010 1091.1250000000000000
9031 1125.0000000000000000
9052 1166.3750000000000000
9073 1216.0000000000000000
9094 1274.6250000000000000
9115 1343.0000000000000000
9136 1421.8750000000000000
9157 1512.0000000000000000
9178 1614.1250000000000000
9199 1729.0000000000000000
9220 1857.3750000000000000
9241 2000.0000000000000000

1 0.0000000000000000
2 0.1250000000000000
3 1.0000000000000000
4 3.3750000000000000
5 8.0000000000000000
6 15.6250000000000000
7 27.0000000000000000
8 42.8750000000000000
9 64.0000000000000000
10 91.1250000000000000
11 125.0000000000000000
12 166.3750000000000000
13 216.0000000000000000
14 274.6250000000000000
15 343.0000000000000000
16 421.8750000000000000
17 512.0000000000000000
18 614.1250000000000000
19 729.0000000000000000
20 857.3750000000000000
21 1000.0000000000000000
442 0.1250000000000000
443 0.2500000000000000
444 1.1250000000000000
445 3.5000000000000000
446 8.1250000000000000
447 15.7500000000000000
448 27.1250000000000000
449 43.0000000000000000
450 64.1250000000000000
451 91.2500000000000000
452 125.1250000000000000
453 166.5000000000000000
454 216.1250000000000000
455 274.7500000000000000
456 343.1250000000000000
457 422.0000000000000000
458 512.1250000000000000
459 614.2500000000000000
460 729.1250000000000000
461 857.5000000000000000
462 1000.1250000000000000
883 1.0000000000000000
884 1.1250000000000000
885 2.0000000000000000
886 4.3750000000000000
887 9.0000000000000000
888 16.6250000000000000
889 28.0000000000000000
890 43.8750000000000000
891 65.0000000000000000
892 92.1250000000000000
893 126.0000000000000000
894 167.3750000000000000
895 217.0000000000000000
896 275.6250000000000000
897 344.0000000000000000
898 422.8750000000000000
899 513.0000000000000000
900 615.1250000000000000
901 730.0000000000000000
902 858.3750000000000000
903 1001.0000000000000000
1324 3.3750000000000000
1325 3.5000000000000000
1326 4.3750000000000000
1327 6.7500000000000000
1328 11.3750000000000000
1329 19.0000000000000000
1330 30.3750000000000000
1331 46.2500000000000000
1332 67.3750000000000000
1333 94.5000000000000000
1334 128.3750000000000000
1335 169.7500000000000000
1336 219.3750000000000000
1337 278.0000000000000000
1338 346.3750000000000000
1339 425.2500000000000000
1340 515.3750000000000000
1341 617.5000000000000000
1342 732.3750000000000000
1343 860.7500000000000000
1344 1003.3750000000000000
1765 8.0000000000000000
1766 8.1250000000000000
1767 9.0000000000000000
1768 11.3750000000000000
1769 16.0000000000000000
1770 23.6250000000000000
1771 35.0000000000000000
1772 50.8750000000000000
1773 72.0000000000000000
1774 99.1250000000000000
1775 133.0000000000000000
1776 174.3750000000000000
1777 224.0000000000000000
1778 282.6250000000000000
1779 351.0000000000000000
1780 429.8750000000000000
1781 520.0000000000000000
1782 622.1250000000000000
1783 737.0000000000000000
1784 865.3750000000000000
1785 1008.0000000000000000
2206 15.6250000000000000
2207 15.7500000000000000
2208 16.6250000000000000
2209 19.0000000000000000
2210 23.6250000000000000
2211 31.2500000000000000
2212 42.6250000000000000
2213 58.5000000000000000
2214 79.6250000000000000
2215 106.7500000000000000
2216 140.6250000000000000
2217 182.0000000000000000
2218 231.6250000000000000
2219 290.2500000000000000
2220 358.6250000000000000
2221 437.5000000000000000
2222 527.6250000000000000
2223 629.7500000000000000
2224 744.6250000000000000
2225 873.0000000000000000
2226 1015.6250000000000000
2647 27.0000000000000000
2648 27.1250000000000000
2649 28.0000000000000000
2650 30.3750000000000000
2651 35.0000000000000000
2652 42.6250000000000000
2653 54.0000000000000000
2654 69.8750000000000000
2655 91.0000000000000000
2656 118.1250000000000000
2657 152.0000000000000000
2658 193.3750000000000000
2659 243.0000000000000000
2660 301.6250000000000000
2661 370.0000000000000000
2662 448.8750000000000000
2663 539.0000000000000000
2664 641.1250000000000000
2665 756.0000000000000000
2666 884.3750000000000000
2667 1027.0000000000000000
3088 42.8750000000000000
3089 43.0000000000000000
3090 43.8750000000000000
3091 46.2500000000000000
3092 50.8750000000000000
3093 58.5000000000000000
3094 69.8750000000000000
3095 85.7500000000000000
3096 106.8750000000000000
3097 134.0000000000000000
3098 167.8750000000000000
3099 209.2500000000000000
3100 258.8750000000000000
3101 317.5000000000000000
3102 385.8750000000000000
3103 464.7500000000000000
3104 554.8750000000000000
3105 657.0000000000000000
3106 771.8750000000000000
3107 900.2500000000000000
3108 1042.8750000000000000
3529 64.0000000000000000
3530 64.1250000000000000
3531 65.0000000000000000
3532 67.3750000000000000
3533 72.0000000000000000
3534 79.6250000000000000
3535 91.0000000000000000
3536 106.8750000000000000
3537 128.0000000000000000
3538 155.1250000000000000
3539 189.0000000000000000
3540 230.3750000000000000
3541 280.0000000000000000
3542 338.6250000000000000
3543 407.0000000000000000
3544 485.8750000000000000
3545 576.0000000000000000
3546 678.1250000000000000
3547 793.0000000000000000
3548 921.3750000000000000
3549 1064.0000000000000000
3970 91.1250000000000000
3971 91.2500000000000000
3972 92.1250000000000000
3973 94.5000000000000000
3974 99.1250000000000000
3975 106.7500000000000000
3976 118.1250000000000000
3977 134.0000000000000000
3978 155.1250000000000000
3979 182.2500000000000000
3980 216.1250000000000000
3981 257.5000000000000000
3982 307.1250000000000000
3983 365.7500000000000000
3984 434.1250000000000000
3985 513.0000000000000000
3986 603.1250000000000000
3987 705.2500000000000000
3988 820.1250000000000000
3989 948.5000000000000000
3990 1091.1250000000000000
4411 125.0000000000000000
4412 125.1250000000000000
4413 126.0000000000000000
4414 128.3750000000000000
4415 133.0000000000000000
4416 140.6250000000000000
4417 152.0000000000000000
4418 167.8750000000000000
4419 189.0000000000000000
4420 216.1250000000000000
4421 250.0000000000000000
4422 291.3750000000000000
4423 341.0000000000000000
4424 399.6250000000000000
4425 468.0000000000000000
4426 546.8750000000000000
4427 637.0000000000000000
4428 739.1250000000000000
4429 854.0000000000000000
4430 982.3750000000000000
4431 1125.0000000000000000
4852 166.3750000000000000
4853 166.5000000000000000
4854 167.3750000000000000
4855 169.7500000000000000
4856 174.3750000000000000
4857 182.0000000000000000
4858 193.3750000000000000
4859 209.2500000000000000
4860 230.3750000000000000
4861 257.5000000000000000
4862 291.3750000000000000
4863 332.7500000000000000
4864 382.3750000000000000
4865 441.0000000000000000
4866 509.3750000000000000
4867 588.2500000000000000
4868 678.3750000000000000
4869 780.5000000000000000
4870 895.3750000000000000
4871 1023.7500000000000000
4872 1166.3750000000000000
5293 216.0000000000000000
5294 216.1250000000000000
5295 217.0000000000000000
5296 219.3750000000000000
5297 224.0000000000000000
5298 231.6250000000000000
5299 243.0000000000000000
5300 258.8750000000000000
5301 280.0000000000000000
5302 307.1250000000000000
5303 341.0000000000000000
5304 382.3750000000000000
5305 432.0000000000000000
5306 490.6250000000000000
5307 559.0000000000000000
5308 637.8750000000000000
5309 728.0000000000000000
5310 830.1250000000000000
5311 945.0000000000000000
5312 1073.3750000000000000
5313 1216.0000000000000000
5734 274.6250000000000000
5735 274.7500000000000000
5736 275.6250000000000000
5737 278.0000000000000000
5738 282.6250000000000000
5739 290.2500000000000000
5740 301.6250000000000000
5741 317.5000000000000000
5742 338.6250000000000000
5743 365.7500000000000000
5744 399.6250000000000000
5745 441.0000000000000000
5746 490.6250000000000000
5747 549.2500000000000000
5748 617.6250000000000000
5749 696.5000000000000000
5750 786.6250000000000000
5751 888.7500000000000000
5752 1003.6250000000000000
5753 1132.0000000000000000
5754 1274.6250000000000000
6175 343.0000000000000000
6176 343.1250000000000000
6177 344.0000000000000000
6178 346.3750000000000000
6179 351.0000000000000000
6180 358.6250000000000000
6181 370.0000000000000000
6182 385.8750000000000000
6183 407.0000000000000000
6184 434.1250000000000000
6185 468.0000000000000000
6186 509.3750000000000000
6187 559.0000000000000000
6188 617.6250000000000000
6189 686.0000000000000000
6190 764.8750000000000000
6191 855.0000000000000000
6192 957.1250000000000000
6193 1072.0000000000000000
6194 1200.3750000000000000
6195 1343.0000000000000000
6616 421.8750000000000000
6617 422.0000000000000000
6618 422.8750000000000000
6619 425.2500000000000000
6620 429.8750000000000000
6621 437.5000000000000000
6622 448.8750000000000000
6623 464.7500000000000000
6624 485.8750000000000000
6625 513.0000000000000000
6626 546.8750000000000000
6627 588.2500000000000000
6628 637.8750000000000000
6629 696.5000000000000000
6630 764.8750000000000000
6631 843.7500000000000000
6632 933.8750000000000000
6633 1036.0000000000000000
6634 1150.8750000000000000
6635 1279.2500000000000000
6636 1421.8750000000000000
7057 512.0000000000000000
7058 512.1250000000000000
7059 513.0000000000000000
7060 515.3750000000000000
7061 520.0000000000000000
7062 527.6250000000000000
7063 539.0000000000000000
7064 554.8750000000000000
7065 576.0000000000000000
7066 603.1250000000000000
7067 637.0000000000000000
7068 678.3750000000000000
7069 728.0000000000000000
7070 786.6250000000000000
7071 855.0000000000000000
7072 933.8750000000000000
7073 1024.0000000000000000
7074 1126.1250000000000000
7075 1241.0000000000000000
7076 1369.3750000000000000
7077 1512.0000000000000000
7498 614.1250000000000000
7499 614.2500000000000000
7500 615.1250000000000000
7501 617.5000000000000000
7502 622.1250000000000000
7503 629.7500000000000000
7504 641.1250000000000000
7505 657.0000000000000000
7506 678.1250000000000000
7507 705.2500000000000000
7508 739.1250000000000000
7509 780.5000000000000000
7510 830.1250000000000000
7511 888.7500000000000000
7512 957.1250000000000000
7513 1036.0000000000000000
7514 1126.1250000000000000
7515 1228.2500000000000000
7516 1343.1250000000000000
7517 1471.5000000000000000
7518 1614.1250000000000000
7939 729.0000000000000000
7940 729.1250000000000000
7941 730.0000000000000000
7942 732.3750000000000000
7943 737.0000000000000000
7944 744.6250000000000000
7945 756.0000000000000000
7946 771.8750000000000000
7947 793.0000000000000000
7948 820.1250000000000000
7949 854.0000000000000000
7950 895.3750000000000000
7951 945.0000000000000000
7952 1003.6250000000000000
7953 1072.0000000000000000
7954 1150.8750000000000000
7955 1241.0000000000000000
7956 1343.1250000000000000
7957 1458.0000000000000000
7958 1586.3750000000000000
7959 1729.0000000000000000
8380 857.3750000000000000
8381 857.5000000000000000
8382 858.3750000000000000
8383 860.7500000000000000
8384 865.3750000000000000
8385 873.0000000000000000
8386 884.3750000000000000
8387 900.2500000000000000
8388 921.3750000000000000
8389 948.5000000000000000
8390 982.3750000000000000
8391 1023.7500000000000000
8392 1073.3750000000000000
8393 1132.0000000000000000
8394 1200.3750000000000000
8395 1279.2500000000000000
8396 1369.3750000000000000
8397 1471.5000000000000000
8398 1586.3750000000000000
8399 1714.7500000000000000
8400 1857.3750000000000000
8821 1000.0000000000000000
8822 1000.1250000000000000
8823 1001.0000000000000000
8824 1003.3750000000000000
8825 1008.0000000000000000
8826 1015.6250000000000000
8827 1027.0000000000000000
8828 1042.8750000000000000
8829 1064.0000000000000000
8830 1091.1250000000000000
8831 1125.0000000000000000
8832 1166.3750000000000000
8833 1216.0000000000000000
8834 1274.6250000000000000
8835 1343.0000000000000000
8836 1421.8750000000000000
8837 1512.0000000000000000
8838 1614.1250000000000000
8839 1729.0000000000000000
8840 1857.3750000000000000
8841 2000.0000000000000000

8821 1000.0000000000000000
8822 1000.1250000000000000
8823 1001.0000000000000000
8824 1003.3750000000000000
8825 1008.0000000000000000
8826 1015.6250000000000000
8827 1027.0000000000000000
8828 1042.8750000000000000
8829 1064.0000000000000000
8830 1091.1250000000000000
8831 1125.0000000000000000
8832 1166.3750000000000000
8833 1216.0000000000000000
8834 1274.6250000000000000
8835 1343.0000000000000000
8836 1421.8750000000000000
8837 1512.0000000000000000
8838 1614.1250000000000000
8839 1729.0000000000000000
8840 1857.3750000000000000
8841 2000.0000000000000000
8842 1000.1250000000000000
8843 1000.2500000000000000
8844 1001.1250000000000000
8845 1003.5000000000000000
8846 1008.1250000000000000
8847 1015.7500000000000000
8848 1027.1250000000000000
8849 1043.0000000000000000
8850 1064.1250000000000000
8851 1091.2500000000000000
8852 1125.1250000000000000
8853 1166.5000000000000000
8854 1216.1250000000000000
8855 1274.7500000000000000
8856 1343.1250000000000000
8857 1422.0000000000000000
8858 1512.1250000000000000
8859 1614.2500000000000000
8860 1729.1250000000000000
8861 1857.5000000000000000
8862 2000.1250000000000000
8863 1001.0000000000000000
8864 1001.1250000000000000
8865 1002.0000000000000000
8866 1004.3750000000000000
8867 1009.0000000000000000
8868 1016.6250000000000000
8869 1028.0000000000000000
8870 1043.8750000000000000
8871 1065.0000000000000000
8872 1092.1250000000000000
8873 1126.0000000000000000
8874 1167.3750000000000000
8875 1217.0000000000000000
8876 1275.6250000000000000
8877 1344.0000000000000000
8878 1422.8750000000000000
8879 1513.0000000000000000
8880 1615.1250000000000000
8881 1730.0000000000000000
8882 1858.3750000000000000
8883 2001.0000000000000000
8884 1003.3750000000000000
8885 1003.5000000000000000
8886 1004.3750000000000000
8887 1006.7500000000000000
8888 1011.3750000000000000
8889 1019.0000000000000000
8890 1030.3750000000000000
8891 1046.2500000000000000
8892 1067.3750000000000000
8893 1094.5000000000000000
8894 1128.3750000000000000
8895 1169.7500000000000000
8896 1219.3750000000000000
8897 1278.0000000000000000
8898 1346.3750000000000000
8899 1425.2500000000000000
8900 1515.3750000000000000
8901 1617.5000000000000000
8902 1732.3750000000000000
8903 1860.7500000000000000
8904 2003.3750000000000000
8905 1008.0000000000000000
8906 1008.1250000000000000
8907 1009.0000000000000000
8908 1011.3750000000000000
8909 1016.0000000000000000
8910 1023.6250000000000000
8911 1035.0000000000000000
8912 1050.8750000000000000
8913 1072.0000000000000000
8914 1099.1250000000000000
8915 1133.0000000000000000
8916 1174.3750000000000000
8917 1224.0000000000000000
8918 1282.6250000000000000
8919 1351.0000000000000000
8920 1429.8750000000000000
8921 1520.0000000000000000
8922 1622.1250000000000000
8923 1737.0000000000000000
8924 1865.3750000000000000
8925 2008.0000000000000000
8926 1015.6250000000000000
8927 1015.7500000000000000
8928 1016.6250000000000000
8929 1019.0000000000000000
8930 1023.6250000000000000
8931 1031.2500000000000000
8932 1042.6250000000000000
8933 1058.5000000000000000
8934 1079.6250000000000000
8935 1106.7500000000000000
8936 1140.6250000000000000
8937 1182.0000000000000000
8938 1231.6250000000000000
8939 1290.2500000000000000
8940 1358.6250000000000000
8941 1437.5000000000000000
8942 1527.6250000000000000
8943 1629.7500000000000000
8944 1744.6250000000000000
8945 1873.0000000000000000
8946 2015.6250000000000000
8947 1027.0000000000000000
8948 1027.1250000000000000
8949 1028.0000000000000000
8950 1030.3750000000000000
8951 1035.0000000000000000
8952 1042.6250000000000000
8953 1054.0000000000000000
8954 1069.8750000000000000
8955 1091.0000000000000000
8956 1118.1250000000000000
8957 1152.0000000000000000
8958 1193.3750000000000000
8959 1243.0000000000000000
8960 1301.6250000000000000
8961 1370.0000000000000000
8962 1448.8750000000000000
8963 1539.0000000000000000
8964 1641.1250000000000000
8965 1756.0000000000000000
8966 1884.3750000000000000
8967 2027.0000000000000000
8968 1042.8750000000000000
8969 1043.0000000000000000
8970 1043.8750000000000000
8971 1046.2500000000000000
8972 1050.8750000000000000
8973 1058.5000000000000000
8974 1069.8750000000000000
8975 1085.7500000000000000
8976 1106.8750000000000000
8977 1134.0000000000000000
8978 1167.8750000000000000
8979 1209.2500000000000000
8980 1258.8750000000000000
8981 1317.5000000000000000
8982 1385.8750000000000000
8983 1464.7500000000000000
8984 1554.8750000000000000
8985 1657.0000000000000000
8986 1771.8750000000000000
8987 1900.2500000000000000
8988 2042.8750000000000000
8989 1064.0000000000000000
8990 1064.1250000000000000
8991 1065.0000000000000000
8992 1067.3750000000000000
8993 1072.0000000000000000
8994 1079.6250000000000000
8995 1091.0000000000000000
8996 1106.8750000000000000
8997 1128.0000000000000000
8998 1155.1250000000000000
8999 1189.0000000000000000
9000 1230.3750000000000000
9001 1280.0000000000000000
9002 1338.6250000000000000
9003 1407.0000000000000000
9004 1485.8750000000000000
9005 1576.0000000000000000
9006 1678.1250000000000000
9007 1793.0000000000000000
9008 1921.3750000000000000
9009 2064.0000000000000000
9010 1091.1250000000000000
9011 1091.2500000000000000
9012 1092.1250000000000000
9013 1094.5000000000000000
9014 1099.1250000000000000
9015 1106.7500000000000000
9016 1118.1250000000000000
9017 1134.0000000000000000
9018 1155.1250000000000000
9019 1182.2500000000000000
9020 1216.1250000000000000
9021 1257.5000000000000000
9022 1307.1250000000000000
9023 1365.7500000000000000
9024 1434.1250000000000000
9025 1513.0000000000000000
9026 1603.1250000000000000
9027 1705.2500000000000000
9028 1820.1250000000000000
9029 1948.5000000000000000
9030 2091.1250000000000000
9031 1125.0000000000000000
9032 1125.1250000000000000
9033 1126.0000000000000000
9034 1128.3750000000000000
9035 1133.0000000000000000
9036 1140.6250000000000000
9037 1152.0000000000000000
9038 1167.8750000000000000
9039 1189.0000000000000000
9040 1216.1250000000000000
9041 1250.0000000000000000
9042 1291.3750000000000000
9043 1341.0000000000000000
9044 1399.6250000000000000
9045 1468.0000000000000000
9046 1546.8750000000000000
9047 1637.0000000000000000
9048 1739.1250000000000000
9049 1854.0000000000000000
9050 1982.3750000000000000
9051 2125.0000000000000000
9052 1166.3750000000000000
9053 1166.5000000000000000
9054 1167.3750000000000000
9055 1169.7500000000000000
9056 1174.3750000000000000
9057 1182.0000000000000000
9058 1193.3750000000000000
9059 1209.2500000000000000
9060 1230.3750000000000000
9061 1257.5000000000000000
9062 1291.3750000000000000
9063 1332.7500000000000000
9064 1382.3750000000000000
9065 1441.0000000000000000
9066 1509.3750000000000000
9067 1588.2500000000000000
9068 1678.3750000000000000
9069 1780.5000000000000000
9070 1895.3750000000000000
9071 2023.7500000000000000
9072 2166.3750000000000000
9073 1216.0000000000000000
9074 1216.1250000000000000
9075 1217.0000000000000000
9076 1219.3750000000000000
9077 1224.0000000000000000
9078 1231.6250000000000000
9079 1243.0000000000000000
9080 1258.8750000000000000
9081 1280.0000000000000000
9082 1307.1250000000000000
9083 1341.0000000000000000
9084 1382.3750000000000000
9085 1432.0000000000000000
9086 1490.6250000000000000
9087 1559.0000000000000000
9088 1637.8750000000000000
9089 1728.0000000000000000
9090 1830.1250000000000000
9091 1945.0000000000000000
9092 2073.3750000000000000
9093 2216.0000000000000000
9094 1274.6250000000000000
9095 1274.7500000000000000
9096 1275.6250000000000000
9097 1278.0000000000000000
9098 1282.6250000000000000
9099 1290.2500000000000000
9100 1301.6250000000000000
9101 1317.5000000000000000
9102 1338.6250000000000000
9103 1365.7500000000000000
9104 1399.6250000000000000
9105 1441.0000000000000000
9106 1490.6250000000000000
9107 1549.2500000000000000
9108 1617.6250000000000000
9109 1696.5000000000000000
9110 1786.6250000000000000
9111 1888.7500000000000000
9112 2003.6250000000000000
9113 2132.0000000000000000
9114 2274.6250000000000000
9115 1343.0000000000000000
9116 1343.1250000000000000
9117 1344.0000000000000000
9118 1346.3750000000000000
9119 1351.0000000000000000
9120 1358.6250000000000000
9121 1370.0000000000000000
9122 1385.8750000000000000
9123 1407.0000000000000000
9124 1434.1250000000000000
9125 1468.0000000000000000
9126 1509.3750000000000000
9127 1559.0000000000000000
9128 1617.6250000000000000
9129 1686.0000000000000000
9130 1764.8750000000000000
9131 1855.0000000000000000
9132 1957.1250000000000000
9133 2072.0000000000000000
9134 2200.3750000000000000
9135 2343.0000000000000000
9136 1421.8750000000000000
9137 1422.0000000000000000
9138 1422.8750000000000000
9139 1425.2500000000000000
9140 1429.8750000000000000
9141 1437.5000000000000000
9142 1448.8750000000000000
9143 1464.7500000000000000
9144 1485.8750000000000000
9145 1513.0000000000000000
9146 1546.8750000000000000
9147 1588.2500000000000000
9148 1637.8750000000000000
9149 1696.5000000000000000
9150 1764.8750000000000000
9151 1843.7500000000000000
9152 1933.8750000000000000
9153 2036.0000000000000000
9154 2150.8750000000000000
9155 2279.2500000000000000
9156 2421.8750000000000000
9157 1512.0000000000000000
9158 1512.1250000000000000
9159 1513.0000000000000000
9160 1515.3750000000000000
9161 1520.0000000000000000
9162 1527.6250000000000000
9163 1539.0000000000000000
9164 1554.8750000000000000
9165 1576.0000000000000000
9166 1603.1250000000000000
9167 1637.0000000000000000
9168 1678.3750000000000000
9169 1728.0000000000000000
9170 1786.6250000000000000
9171 1855.0000000000000000
9172 1933.8750000000000000
9173 2024.0000000000000000
9174 2126.1250000000000000
9175 2241.0000000000000000
9176 2369.3750000000000000
9177 2512.0000000000000000
9178 1614.1250000000000000
9179 1614.2500000000000000
9180 1615.1250000000000000
9181 1617.5000000000000000
9182 1622.1250000000000000
9183 1629.7500000000000000
9184 1641.1250000000000000
9185 1657.0000000000000000
9186 1678.1250000000000000
9187 1705.2500000000000000
9188 1739.1250000000000000
9189 1780.5000000000000000
9190 1830.1250000000000000
9191 1888.7500000000000000
9192 1957.1250000000000000
9193 2036.0000000000000000
9194 2126.1250000000000000
9195 2228.2500000000000000
9196 2343.1250000000000000
9197 2471.5000000000000000
9198 2614.1250000000000000
9199 1729.0000000000000000
9200 1729.1250000000000000
9201 1730.0000000000000000
9202 1732.3750000000000000
9203 1737.0000000000000000
9204 1744.6250000000000000
9205 1756.0000000000000000
9206 1771.8750000000000000
9207 1793.0000000000000000
9208 1820.1250000000000000
9209 1854.0000000000000000
9210 1895.3750000000000000
9211 1945.0000000000000000
9212 2003.6250000000000000
9213 2072.0000000000000000
9214 2150.8750000000000000
9215 2241.0000000000000000
9216 2343.1250000000000000
9217 2458.0000000000000000
9218 2586.3750000000000000
9219 2729.0000000000000000
9220 1857.3750000000000000
9221 1857.5000000000000000
9222 1858.3750000000000000
9223 1860.7500000000000000
9224 1865.3750000000000000
9225 1873.0000000000000000
9226 1884.3750000000000000
9227 1900.2500000000000000
9228 1921.3750000000000000
9229 1948.5000000000000000
9230 1982.3750000000000000
9231 2023.7500000000000000
9232 2073.3750000000000000
9233 2132.0000000000000000
9234 2200.3750000000000000
9235 2279.2500000000000000
9236 2369.3750000000000000
9237 2471.5000000000000000
9238 2586.3750000000000000
9239 2714.7500000000000000
9240 2857.3750000000000000
9241 2000.0000000000000000
9242 2000.1250000000000000
9243 2001.0000000000000000
9244 2003.3750000000000000
9245 2008.0000000000000000
9246 2015.6250000000000000
9247 2027.0000000000000000
9248 2042.8750000000000000
9249 2064.0000000000000000
9250 2091.1250000000000000
9251 2125.0000000000000000
9252 2166.3750000000000000
9253 2216.0000000000000000
9254 2274.6250000000000000
9255 2343.0000000000000000
9256 2421.8750000000000000
9257 2512.0000000000000000
9258 2614.1250000000000000
9259 2729.0000000000000000
9260 2857.3750000000000000
9261 3000.0000000000000000

21 1000.0000000000000000
42 1000.1250000000000000
63 1001.0000000000000000
84 1003.3750000000000000
105 1008.0000000000000000
126 1015.6250000000000000
147 1027.0000000000000000
168 1042.8750000000000000
189 1064.0000000000000000
210 1091.1250000000000000
231 1125.0000000000000000
252 1166.3750000000000000
273 1216.0000000000000000
294 1274.6250000000000000
315 1343.0000000000000000
336 1421.8750000000000000
357 1512.0000000000000000
378 1614.1250000000000000
399 1729.0000000000000000
420 1857.3750000000000000
441 2000.0000000000000000
462 1000.1250000000000000
483 1000.2500000000000000
504 1001.1250000000000000
525 1003.5000000000000000
546 1008.1250000000000000
567 1015.7500000000000000
588 1027.1250000000000000
609 1043.0000000000000000
630 1064.1250000000000000
651 1091.2500000000000000
672 1125.1250000000000000
693 1166.5000000000000000
714 1216.1250000000000000
735 1274.7500000000000000
756 1343.1250000000000000
777 1422.0000000000000000
798 1512.1250000000000000
819 1614.2500000000000000
840 1729.1250000000000000
861 1857.5000000000000000
882 2000.1250000000000000
903 1001.0000000000000000
924 1001.1250000000000000
945 1002.0000000000000000
966 1004.3750000000000000
987 1009.0000000000000000
1008 1016.6250000000000000
1029 1028.0000000000000000
1050 1043.8750000000000000
1071 1065.0000000000000000
1092 1092.1250000000000000
1113 1126.0000000000000000
1134 1167.3750000000000000
1155 1217.0000000000000000
1176 1275.6250000000000000
1197 1344.0000000000000000
1218 1422.8750000000000000
1239 1513.0000000000000000
1260 1615.1250000000000000
1281 1730.0000000000000000
1302 1858.3750000000000000
1323 2001.0000000000000000
1344 1003.3750000000000000
1365 1003.5000000000000000
1386 1004.3750000000000000
1407 1006.7500000000000000
1428 1011.3750000000000000
1449 1019.0000000000000000
1470 1030.3750000000000000
1491 1046.2500000000000000
1512 1067.3750000000000000
1533 1094.5000000000000000
1554 1128.3750000000000000
1575 1169.7500000000000000
1596 1219.3750000000000000
1617 1278.0000000000000000
1638 1346.3750000000000000
1659 1425.2500000000000000
1680 1515.3750000000000000
1701 1617.5000000000000000
1722 1732.3750000000000000
1743 1860.7500000000000000
1764 2003.3750000000000000
1785 1008.0000000000000000
1806 1008.1250000000000000
1827 1009.0000000000000000
1848 1011.3750000000000000
1869 1016.0000000000000000
1890 1023.6250000000000000
1911 1035.0000000000000000
1932 1050.8750000000000000
1953 1072.0000000000000000
1974 1099.1250000000000000
1995 1133.0000000000000000
2016 1174.3750000000000000
2037 1224.0000000000000000
2058 1282.6250000000000000
2079 1351.0000000000000000
2100 1429.8750000000000000
2121 1520.0000000000000000
2142 1622.1250000000000000
2163 1737.0000000000000000
2184 1865.3750000000000000
2205 2008.0000000000000000
2226 1015.6250000000000000
2247 1015.7500000000000000
2268 1016.6250000000000000
2289 1019.0000000000000000
2310 1023.6250000000000000
2331 1031.2500000000000000
2352 1042.6250000000000000
2373 1058.5000000000000000
2394 1079.6250000000000000
2415 1106.7500000000000000
2436 1140.6250000000000000
2457 1182.0000000000000000
2478 1231.6250000000000000
2499 1290.2500000000000000
2520 1358.6250000000000000
2541 1437.5000000000000000
2562 1527.6250000000000000
2583 1629.7500000000000000
2604 1744.6250000000000000
2625 1873.0000000000000000
2646 2015.6250000000000000
2667 1027.0000000000000000
2688 1027.1250000000000000
2709 1028.0000000000000000
2730 1030.3750000000000000
2751 1035.0000000000000000
2772 1042.6250000000000000
2793 1054.0000000000000000
2814 1069.8750000000000000
2835 1091.0000000000000000
2856 1118.1250000000000000
2877 1152.0000000000000000
2898 1193.3750000000000000
2919 1243.0000000000000000
2940 1301.6250000000000000
2961 1370.0000000000000000
2982 1448.8750000000000000
3003 1539.0000000000000000
3024 1641.1250000000000000
3045 1756.0000000000000000
3066 1884.3750000000000000
3087 2027.0000000000000000
3108 1042.8750000000000000
3129 1043.0000000000000000
3150 1043.8750000000000000
3171 1046.2500000000000000
3192 1050.8750000000000000
3213 1058.5000000000000000
3234 1069.8750000000000000
3255 1085.7500000000000000
3276 1106.8750000000000000
3297 1134.0000000000000000
3318 1167.8750000000000000
3339 1209.2500000000000000
3360 1258.8750000000000000
3381 1317.5000000000000000
3402 1385.8750000000000000
3423 1464.7500000000000000
3444 1554.8750000000000000
3465 1657.0000000000000000
3486 1771.8750000000000000
3507 1900.2500000000000000
3528 2042.8750000000000000
3549 1064.0000000000000000
3570 1064.1250000000000000
3591 1065.0000000000000000
3612 1067.3750000000000000
3633 1072.0000000000000000
3654 1079.6250000000000000
3675 1091.0000000000000000
3696 1106.8750000000000000
3717 1128.0000000000000000
3738 1155.1250000000000000
3759 1189.0000000000000000
3780 1230.3750000000000000
3801 1280.0000000000000000
3822 1338.6250000000000000
3843 1407.0000000000000000
3864 1485.8750000000000000
3885 1576.0000000000000000
3906 1678.1250000000000000
3927 1793.0000000000000000
3948 1921.3750000000000000
3969 2064.0000000000000000
3990 1091.1250000000000000
4011 1091.2500000000000000
4032 1092.1250000000000000
4053 1094.5000000000000000
4074 1099.1250000000000000
4095 1106.7500000000000000
4116 1118.1250000000000000
4137 1134.0000000000000000
4158 1155.1250000000000000
4179 1182.2500000000000000
4200 1216.1250000000000000
4221 1257.5000000000000000
4242 1307.1250000000000000
4263 1365.7500000000000000
4284 1434.1250000000000000
4305 1513.0000000000000000
4326 1603.1250000000000000
4347 1705.2500000000000000
4368 1820.1250000000000000
4389 1948.5000000000000000
4410 2091.1250000000000000
4431 1125.0000000000000000
4452 1125.1250000000000000
4473 1126.0000000000000000
4494 1128.3750000000000000
4515 1133.0000000000000000
4536 1140.6250000000000000
4557 1152.0000000000000000
4578 1167.8750000000000000
4599 1189.0000000000000000
4620 1216.1250000000000000
4641 1250.0000000000000000
4662 1291.3750000000000000
4683 1341.0000000000000000
4704 1399.6250000000000000
4725 1468.0000000000000000
4746 1546.8750000000000000
4767 1637.0000000000000000
4788 1739.1250000000000000
4809 1854.0000000000000000
4830 1982.3750000000000000
4851 2125.0000000000000000
4872 1166.3750000000000000
4893 1166.5000000000000000
4914 1167.3750000000000000
4935 1169.7500000000000000
4956 1174.3750000000000000
4977 1182.0000000000000000
4998 1193.3750000000000000
5019 1209.2500000000000000
5040 1230.3750000000000000
5061 1257.5000000000000000
5082 1291.3750000000000000
5103 1332.7500000000000000
5124 1382.3750000000000000
5145 1441.0000000000000000
5166 1509.3750000000000000
5187 1588.2500000000000000
5208 1678.3750000000000000
5229 1780.5000000000000000
5250 1895.3750000000000000
5271 2023.7500000000000000
5292 2166.3750000000000000
5313 1216.0000000000000000
5334 1216.1250000000000000
5355 1217.0000000000000000
5376 1219.3750000000000000
5397 1224.0000000000000000
5418 1231.6250000000000000
5439 1243.0000000000000000
5460 1258.8750000000000000
5481 1280.0000000000000000
5502 1307.1250000000000000
5523 1341.0000000000000000
5544 1382.3750000000000000
5565 1432.0000000000000000
5586 1490.6250000000000000
5607 1559.0000000000000000
5628 1637.8750000000000000
5649 1728.0000000000000000
5670 1830.1250000000000000
5691 1945.0000000000000000
5712 2073.3750000000000000
5733 2216.0000000000000000
5754 1274.6250000000000000
5775 1274.7500000000000000
5796 1275.6250000000000000
5817 1278.0000000000000000
5838 1282.6250000000000000
5859 1290.2500000000000000
5880 1301.6250000000000000
5901 1317.5000000000000000
5922 1338.6250000000000000
5943 1365.7500000000000000
5964 1399.6250000000000000
5985 1441.0000000000000000
6006 1490.6250000000000000
6027 1549.2500000000000000
6048 1617.6250000000000000
6069 1696.5000000000000000
6090 1786.6250000000000000
6111 1888.7500000000000000
6132 2003.6250000000000000
6153 2132.0000000000000000
6174 2274.6250000000000000
6195 1343.0000000000000000
6216 1343.1250000000000000
6237 1344.0000000000000000
6258 1346.3750000000000000
6279 1351.0000000000000000
6300 1358.6250000000000000
6321 1370.0000000000000000
6342 1385.8750000000000000
6363 1407.0000000000000000
6384 1434.1250000000000000
6405 1468.0000000000000000
6426 1509.3750000000000000
6447 1559.0000000000000000
6468 1617.6250000000000000
6489 1686.0000000000000000
6510 1764.8750000000000000
6531 1855.0000000000000000
6552 1957.1250000000000000
6573 2072.0000000000000000
6594 2200.3750000000000000
6615 2343.0000000000000000
6636 1421.8750000000000000
6657 1422.0000000000000000
6678 1422.8750000000000000
6699 1425.2500000000000000
6720 1429.8750000000000000
6741 1437.5000000000000000
6762 1448.8750000000000000
6783 1464.7500000000000000
6804 1485.8750000000000000
6825 1513.0000000000000000
6846 1546.8750000000000000
6867 1588.2500000000000000
6888 1637.8750000000000000
6909 1696.5000000000000000
6930 1764.8750000000000000
6951 1843.7500000000000000
6972 1933.8750000000000000
6993 2036.0000000000000000
7014 2150.8750000000000000
7035 2279.2500000000000000
7056 2421.8750000000000000
7077 1512.0000000000000000
7098 1512.1250000000000000
7119 1513.0000000000000000
7140 1515.3750000000000000
7161 1520.0000000000000000
7182 1527.6250000000000000
7203 1539.0000000000000000
7224 1554.8750000000000000
7245 1576.0000000000000000
7266 1603.1250000000000000
7287 1637.0000000000000000
7308 1678.3750000000000000
7329 1728.0000000000000000
7350 1786.6250000000000000
7371 1855.0000000000000000
7392 1933.8750000000000000
7413 2024.0000000000000000
7434 2126.1250000000000000
7455 2241.0000000000000000
7476 2369.3750000000000000
7497 2512.0000000000000000
7518 1614.1250000000000000
7539 1614.2500000000000000
7560 1615.1250000000000000
7581 1617.5000000000000000
7602 1622.1250000000000000
7623 1629.7500000000000000
7644 1641.1250000000000000
7665 1657.0000000000000000
7686 1678.1250000000000000
7707 1705.2500000000000000
7728 1739.1250000000000000
7749 1780.5000000000000000
7770 1830.1250000000000000
7791 1888.7500000000000000
7812 1957.1250000000000000
7833 2036.0000000000000000
7854 2126.1250000000000000
7875 2228.2500000000000000
7896 2343.1250000000000000
7917 2471.5000000000000000
7938 2614.1250000000000000
7959 1729.0000000000000000
7980 1729.1250000000000000
8001 1730.0000000000000000
8022 1732.3750000000000000
8043 1737.0000000000000000
8064 1744.6250000000000000
8085 1756.0000000000000000
8106 1771.8750000000000000
8127 1793.0000000000000000
8148 1820.1250000000000000
8169 1854.0000000000000000
8190 1895.3750000000000000
8211 1945.0000000000000000
8232 2003.6250000000000000
8253 2072.0000000000000000
8274 2150.8750000000000000
8295 2241.0000000000000000
8316 2343.1250000000000000
8337 2458.0000000000000000
8358 2586.3750000000000000
8379 2729.0000000000000000
8400 1857.3750000000000000
8421 1857.5000000000000000
8442 1858.3750000000000000
8463 1860.7500000000000000
8484 1865.3750000000000000
8505 1873.0000000000000000
8526 1884.3750000000000000
8547 1900.2500000000000000
8568 1921.3750000000000000
8589 1948.5000000000000000
8610 1982.3750000000000000
8631 2023.7500000000000000
8652 2073.3750000000000000
8673 2132.0000000000000000
8694 2200.3750000000000000
8715 2279.2500000000000000
8736 2369.3750000000000000
8757 2471.5000000000000000
8778 2586.3750000000000000
8799 2714.7500000000000000
8820 2857.3750000000000000
8841 2000.0000000000000000
8862 2000.1250000000000000
8883 2001.0000000000000000
8904 2003.3750000000000000
8925 2008.0000000000000000
8946 2015.6250000000000000
8967 2027.0000000000000000
8988 2042.8750000000000000
9009 2064.0000000000000000
9030 2091.1250000000000000
9051 2125.0000000000000000
9072 2166.3750000000000000
9093 2216.0000000000000000
9114 2274.6250000000000000
9135 2343.0000000000000000
9156 2421.8750000000000000
9177 2512.0000000000000000
9198 2614.1250000000000000
9219 2729.0000000000000000
9240 2857.3750000000000000
9261 3000.0000000000000000

421 1000.0000000000000000
422 1000.1250000000000000
423 1001.0000000000000000
424 1003.3750000000000000
425 1008.0000000000000000
426 1015.6250000000000000
427 1027.0000000000000000
428 1042.8750000000000000
429 1064.0000000000000000
430 1091.1250000000000000
431 1125.0000000000000000
432 1166.3750000000000000
433 1216.0000000000000000
434 1274.6250000000000000
435 1343.0000000000000000
436 1421.8750000000000000
437 1512.0000000000000000
438 1614.1250000000000000
439 1729.0000000000000000
440 1857.3750000000000000
441 2000.0000000000000000
862 1000.1250000000000000
863 1000.2500000000000000
864 1001.1250000000000000
865 1003.5000000000000000
866 1008.1250000000000000
867 1015.7500000000000000
868 1027.1250000000000000
869 1043.0000000000000000
870 1064.1250000000000000
871 1091.2500000000000000
872 1125.1250000000000000
873 1166.5000000000000000
874 1216.1250000000000000
875 1274.7500000000000000
876 1343.1250000000000000
877 1422.0000000000000000
878 1512.1250000000000000
879 1614.2500000000000000
880 1729.1250000000000000
881 1857.5000000000000000
882 2000.1250000000000000
1303 1001.0000000000000000
1304 1001.1250000000000000
1305 1002.0000000000000000
1306 1004.3750000000000000
1307 1009.0000000000000000
1308 1016.6250000000000000
1309 1028.0000000000000000
1310 1043.8750000000000000
1311 1065.0000000000000000
1312 1092.1250000000000000
1313 1126.0000000000000000
1314 1167.3750000000000000
1315 1217.0000000000000000
1316 1275.6250000000000000
1317 1344.0000000000000000
1318 1422.8750000000000000
1319 1513.0000000000000000
1320 1615.1250000000000000
1321 1730.0000000000000000
1322 1858.3750000000000000
1323 2001.0000000000000000
1744 1003.3750000000000000
1745 1003.5000000000000000
1746 1004.3750000000000000
1747 1006.7500000000000000
1748 1011.3750000000000000
1749 1019.0000000000000000
1750 1030.3750000000000000
1751 1046.2500000000000000
1752 1067.3750000000000000
1753 1094.5000000000000000
1754 1128.3750000000000000
1755 1169.7500000000000000
1756 1219.3750000000000000
1757 1278.0000000000000000
1758 1346.3750000000000000
1759 1425.2500000000000000
1760 1515.3750000000000000
1761 1617.5000000000000000
1762 1732.3750000000000000
1763 1860.7500000000000000
1764 2003.3750000000000000
2185 1008.0000000000000000
2186 1008.1250000000000000
2187 1009.0000000000000000
2188 1011.3750000000000000
2189 1016.0000000000000000
2190 1023.6250000000000000
2191 1035.0000000000000000
2192 1050.8750000000000000
2193 1072.0000000000000000
2194 1099.1250000000000000
2195 1133.0000000000000000
2196 1174.3750000000000000
2197 1224.0000000000000000
2198 1282.6250000000000000
2199 1351.0000000000000000
2200 1429.8750000000000000
2201 1520.0000000000000000
2202 1622.1250000000000000
2203 1737.0000000000000000
2204 1865.3750000000000000
2205 2008.0000000000000000
2626 1015.6250000000000000
2627 1015.7500000000000000
2628 1016.6250000000000000
2629 1019.0000000000000000
2630 1023.6250000000000000
2631 1031.2500000000000000
2632 1042.6250000000000000
2633 1058.5000000000000000
2634 1079.6250000000000000
2635 1106.7500000000000000
2636 1140.6250000000000000
2637 1182.0000000000000000
2638 1231.6250000000000000
2639 1290.2500000000000000
2640 1358.6250000000000000
2641 1437.5000000000000000
2642 1527.6250000000000000
2643 1629.7500000000000000
2644 1744.6250000000000000
2645 1873.0000000000000000
2646 2015.6250000000000000
3067 1027.0000000000000000
3068 1027.1250000000000000
3069 1028.0000000000000000
3070 1030.3750000000000000
3071 1035.0000000000000000
3072 1042.6250000000000000
3073 1054.0000000000000000
3074 1069.8750000000000000
3075 1091.0000000000000000
3076 1118.1250000000000000
3077 1152.0000000000000000
3078 1193.3750000000000000
3079 1243.0000000000000000
3080 1301.6250000000000000
3081 1370.0000000000000000
3082 1448.8750000000000000
3083 1539.0000000000000000
3084 1641.1250000000000000
3085 1756.0000000000000000
3086 1884.3750000000000000
3087 2027.0000000000000000
3508 1042.8750000000000000
3509 1043.0000000000000000
3510 1043.8750000000000000
3511 1046.2500000000000000
3512 1050.8750000000000000
3513 1058.5000000000000000
3514 1069.8750000000000000
3515 1085.7500000000000000
3516 1106.8750000000000000
3517 1134.0000000000000000
3518 1167.8750000000000000
3519 1209.2500000000000000
3520 1258.8750000000000000
3521 1317.5000000000000000
3522 1385.8750000000000000
3523 1464.7500000000000000
3524 1554.8750000000000000
3525 1657.0000000000000000
3526 1771.8750000000000000
3527 1900.2500000000000000
3528 2042.8750000000000000
3949 1064.0000000000000000
3950 1064.1250000000000000
3951 1065.0000000000000000
3952 1067.3750000000000000
3953 1072.0000000000000000
3954 1079.6250000000000000
3955 1091.0000000000000000
3956 1106.8750000000000000
3957 1128.0000000000000000
3958 1155.1250000000000000
3959 1189.0000000000000000
3960 1230.3750000000000000
3961 1280.0000000000000000
3962 1338.6250000000000000
3963 1407.0000000000000000
3964 1485.8750000000000000
3965 1576.0000000000000000
3966 1678.1250000000000000
3967 1793.0000000000000000
3968 1921.3750000000000000
3969 2064.0000000000000000
4390 1091.1250000000000000
4391 1091.2500000000000000
4392 1092.1250000000000000
4393 1094.5000000000000000
4394 1099.1250000000000000
4395 1106.7500000000000000
4396 1118.1250000000000000
4397 1134.0000000000000000
4398 1155.1250000000000000
4399 1182.2500000000000000
4400 1216.1250000000000000
4401 1257.5000000000000000
4402 1307.1250000000000000
4403 1365.7500000000000000
4404 1434.1250000000000000
4405 1513.0000000000000000
4406 1603.1250000000000000
4407 1705.2500000000000000
4408 1820.1250000000000000
4409 1948.5000000000000000
4410 2091.1250000000000000
4831 1125.0000000000000000
4832 1125.1250000000000000
4833 1126.0000000000000000
4834 1128.3750000000000000
4835 1133.0000000000000000
4836 1140.6250000000000000
4837 1152.0000000000000000
4838 1167.8750000000000000
4839 1189.0000000000000000
4840 1216.1250000000000000
4841 1250.0000000000000000
4842 1291.3750000000000000
4843 1341.0000000000000000
4844 1399.6250000000000000
4845 1468.0000000000000000
4846 1546.8750000000000000
4847 1637.0000000000000000
4848 1739.1250000000000000
4849 1854.0000000000000000
4850 1982.3750000000000000
4851 2125.0000000000000000
5272 1166.3750000000000000
5273 1166.5000000000000000
5274 1167.3750000000000000
5275 1169.7500000000000000
5276 1174.3750000000000000
5277 1182.0000000000000000
5278 1193.3750000000000000
5279 1209.2500000000000000
5280 1230.3750000000000000
5281 1257.5000000000000000
5282 1291.3750000000000000
5283 1332.7500000000000000
5284 1382.3750000000000000
5285 1441.0000000000000000
5286 1509.3750000000000000
5287 1588.2500000000000000
5288 1678.3750000000000000
5289 1780.5000000000000000
5290 1895.3750000000000000
5291 2023.7500000000000000
5292 2166.3750000000000000
5713 1216.0000000000000000
5714 1216.1250000000000000
5715 1217.0000000000000000
5716 1219.3750000000000000
5717 1224.0000000000000000
5718 1231.6250000000000000
5719 1243.0000000000000000
5720 1258.8750000000000000
5721 1280.0000000000000000
5722 1307.1250000000000000
5723 1341.0000000000000000
5724 1382.3750000000000000
5725 1432.0000000000000000
5726 1490.6250000000000000
5727 1559.0000000000000000
5728 1637.8750000000000000
5729 1728.0000000000000000
5730 1830.1250000000000000
5731 1945.0000000000000000
5732 2073.3750000000000000
5733 2216.0000000000000000
6154 1274.6250000000000000
6155 1274.7500000000000000
6156 1275.6250000000000000
6157 1278.0000000000000000
6158 1282.6250000000000000
6159 1290.2500000000000000
6160 1301.6250000000000000
6161 1317.5000000000000000
6162 1338.6250000000000000
6163 1365.7500000000000000
6164 1399.6250000000000000
6165 1441.0000000000000000
6166 1490.6250000000000000
6167 1549.2500000000000000
6168 1617.6250000000000000
6169 1696.5000000000000000
6170 1786.6250000000000000
6171 1888.7500000000000000
6172 2003.6250000000000000
6173 2132.0000000000000000
6174 2274.6250000000000000
6595 1343.0000000000000000
6596 1343.1250000000000000
6597 1344.0000000000000000
6598 1346.3750000000000000
6599 1351.0000000000000000
6600 1358.6250000000000000
6601 1370.0000000000000000
6602 1385.8750000000000000
6603 1407.0000000000000000
6604 1434.1250000000000000
6605 1468.0000000000000000
6606 1509.3750000000000000
6607 1559.0000000000000000
6608 1617.6250000000000000
6609 1686.0000000000000000
6610 1764.8750000000000000
6611 1855.0000000000000000
6612 1957.1250000000000000
6613 2072.0000000000000000
6614 2200.3750000000000000
6615 2343.0000000000000000
7036 1421.8750000000000000
7037 1422.0000000000000000
7038 1422.8750000000000000
7039 1425.2500000000000000
7040 1429.8750000000000000
7041 1437.5000000000000000
7042 1448.8750000000000000
7043 1464.7500000000000000
7044 1485.8750000000000000
7045 1513.0000000000000000
7046 1546.8750000000000000
7047 1588.2500000000000000
7048 1637.8750000000000000
7049 1696.5000000000000000
7050 1764.8750000000000000
7051 1843.7500000000000000
7052 1933.8750000000000000
7053 2036.0000000000000000
7054 2150.8750000000000000
7055 2279.2500000000000000
7056 2421.8750000000000000
7477 1512.0000000000000000
7478 1512.1250000000000000
7479 1513.0000000000000000
7480 1515.3750000000000000
7481 1520.0000000000000000
7482 1527.6250000000000000
7483 1539.0000000000000000
7484 1554.8750000000000000
7485 1576.0000000000000000
7486 1603.1250000000000000
7487 1637.0000000000000000
7488 1678.3750000000000000
7489 1728.0000000000000000
7490 1786.6250000000000000
7491 1855.0000000000000000
7492 1933.8750000000000000
7493 2024.0000000000000000
7494 2126.1250000000000000
7495 2241.0000000000000000
7496 2369.3750000000000000
7497 2512.0000000000000000
7918 1614.1250000000000000
7919 1614.2500000000000000
7920 1615.1250000000000000
7921 1617.5000000000000000
7922 1622.1250000000000000
7923 1629.7500000000000000
7924 1641.1250000000000000
7925 1657.0000000000000000
7926 1678.1250000000000000
7927 1705.2500000000000000
7928 1739.1250000000000000
7929 1780.5000000000000000
7930 1830.1250000000000000
7931 1888.7500000000000000
7932 1957.1250000000000000
7933 2036.0000000000000000
7934 2126.1250000000000000
7935 2228.2500000000000000
7936 2343.1250000000000000
7937 2471.5000000000000000
7938 2614.1250000000000000
8359 1729.0000000000000000
8360 1729.1250000000000000
8361 1730.0000000000000000
8362 1732.3750000000000000
8363 1737.0000000000000000
8364 1744.6250000000000000
8365 1756.0000000000000000
8366 1771.8750000000000000
8367 1793.0000000000000000
8368 1820.1250000000000000
8369 1854.0000000000000000
8370 1895.3750000000000000
8371 1945.0000000000000000
8372 2003.6250000000000000
8373 2072.0000000000000000
8374 2150.8750000000000000
8375 2241.0000000000000000
8376 2343.1250000000000000
8377 2458.0000000000000000
8378 2586.3750000000000000
8379 2729.0000000000000000
8800 1857.3750000000000000
8801 1857.5000000000000000
8802 1858.3750000000000000
8803 1860.7500000000000000
8804 1865.3750000000000000
8805 1873.0000000000000000
8806 1884.3750000000000000
8807 1900.2500000000000000
8808 1921.3750000000000000
8809 1948.5000000000000000
8810 1982.3750000000000000
8811 2023.7500000000000000
8812 2073.3750000000000000
8813 2132.0000000000000000
8814 2200.3750000000000000
8815 2279.2500000000000000
8816 2369.3750000000000000
8817 2471.5000000000000000
8818 2586.3750000000000000
8819 2714.7500000000000000
8820 2857.3750000000000000
9241 2000.0000000000000000
9242 2000.1250000000000000
9243 2001.0000000000000000
9244 2003.3750000000000000
9245 2008.0000000000000000
9246 2015.6250000000000000
9247 2027.0000000000000000
9248 2042.8750000000000000
9249 2064.0000000000000000
9250 2091.1250000000000000
9251 2125.0000000000000000
9252 2166.3750000000000000
9253 2216.0000000000000000
9254 2274.6250000000000000
9255 2343.0000000000000000
9256 2421.8750000000000000
9257 2512.0000000000000000
9258 2614.1250000000000000
9259 2729.0000000000000000
9260 2857.3750000000000000
9261 3000.0000000000000000
