-92.52325054000001 0.0 1004.53229999999996
-87.62338006582557 0.0 1005.50151630864991
-82.70082993771989 0.0 1006.37815776117588
-77.77827980961420 0.0 1007.25479921370174
-72.85572968150854 0.0 1008.13144066622772
-67.90192953138772 0.0 1008.79147765873404
-62.92999454218001 0.0 1009.31920187201752
-57.95096277222352 0.0 1009.77610284477407
-52.96702634982158 0.0 1010.17616221121648
-47.97944792687188 0.0 1010.52799858499861
-42.98887270013218 0.0 1010.83457809118897
-37.99591226712292 0.0 1011.09953869858941
-33.00106302228863 0.0 1011.32606857286271
-28.00475215176838 0.0 1011.51771480384696
-23.00723131383243 0.0 1011.67464203537554
-18.00874253070678 0.0 1011.79634471337397
-13.00967828242615 0.0 1011.89016955921306
-8.01006633584170 0.0 1011.95246228406972
-3.01025239837084 0.0 1011.98944935948100
1.98971689106198 0.0 1011.99302623671576
6.98960376519383 0.0 1011.96517674967606
11.98921571177828 0.0 1011.90288402481940
16.98845396752365 0.0 1011.81907714761746
21.98715237619743 0.0 1011.70537437538360
26.98488476712796 0.0 1011.55480562482842
31.98139654874054 0.0 1011.36832728144361
36.97657463305620 0.0 1011.14909980737639
41.96994251295163 0.0 1010.89190667183016
46.96104767757370 0.0 1010.59406140755414
51.94939846419189 0.0 1010.25322713266439
56.93393639162142 0.0 1009.86073650762955
61.91393825352893 0.0 1009.41477976706403
66.88759261601469 0.0 1008.90384374721475
71.85486089177977 0.0 1008.33470057987131
76.80675561275707 0.0 1007.64279114045235
81.74052313677079 0.0 1006.84638212850598
86.63614568469042 0.0 1005.83007515307929
91.53176823261006 0.0 1004.81376817765261
96.30928061039245 0.0 1003.34339945679108
101.07960766043732 0.0 1001.84540752236342
105.84993471048219 0.0 1000.34741558793576
110.79666876084136 0.0 1000.00000000000000
115.79666876084136 0.0 1000.00000000000000
120.79666876084136 0.0 1000.00000000000000
125.79666876084136 0.0 1000.00000000000000
130.79666876084136 0.0 1000.00000000000000
135.79666876084136 0.0 1000.00000000000000
140.79666876084136 0.0 1000.00000000000000
145.79666876084136 0.0 1000.00000000000000
150.79666876084136 0.0 1000.00000000000000
155.79666876084136 0.0 1000.00000000000000
160.79666876084136 0.0 1000.00000000000000
165.79666876084136 0.0 1000.00000000000000
170.79666876084136 0.0 1000.00000000000000
175.79666876084136 0.0 1000.00000000000000
180.79666876084136 0.0 1000.00000000000000
185.79666876084136 0.0 1000.00000000000000
190.79666876084136 0.0 1000.00000000000000
195.79666876084136 0.0 1000.00000000000000
200.79666876084136 0.0 1000.00000000000000
205.79666876084136 0.0 1000.00000000000000
210.79666876084136 0.0 1000.00000000000000
215.79666876084136 0.0 1000.00000000000000
220.79666876084136 0.0 1000.00000000000000
225.79666876084136 0.0 1000.00000000000000
230.79666876084136 0.0 1000.00000000000000
235.79666876084136 0.0 1000.00000000000000
240.79666876084136 0.0 1000.00000000000000
245.79666876084136 0.0 1000.00000000000000
250.79666876084136 0.0 1000.00000000000000
255.79666876084136 0.0 1000.00000000000000
260.79666876084138 0.0 1000.00000000000000
265.79666876084138 0.0 1000.00000000000000
270.79666876084138 0.0 1000.00000000000000
275.79666876084138 0.0 1000.00000000000000
280.79666876084138 0.0 1000.00000000000000
285.79666876084138 0.0 1000.00000000000000
290.79666876084138 0.0 1000.00000000000000
295.79666876084138 0.0 1000.00000000000000
300.79666876084138 0.0 1000.00000000000000
305.79666876084138 0.0 1000.00000000000000
310.79666876084138 0.0 1000.00000000000000
315.79666876084138 0.0 1000.00000000000000
320.79666876084138 0.0 1000.00000000000000
325.79666876084138 0.0 1000.00000000000000
330.79666876084138 0.0 1000.00000000000000
335.79666876084138 0.0 1000.00000000000000
340.79666876084138 0.0 1000.00000000000000
345.79666876084138 0.0 1000.00000000000000
350.79666876084138 0.0 1000.00000000000000
355.79666876084138 0.0 1000.00000000000000
360.79666876084138 0.0 1000.00000000000000
365.79666876084138 0.0 1000.00000000000000
370.79666876084138 0.0 1000.00000000000000
375.79666876084138 0.0 1000.00000000000000
380.79666876084138 0.0 1000.00000000000000
385.79666876084138 0.0 1000.00000000000000
390.79666876084138 0.0 1000.00000000000000
395.79666876084138 0.0 1000.00000000000000
400.79666876084138 0.0 1000.00000000000000
405.79666876084138 0.0 1000.00000000000000
410.79666876084138 0.0 1000.00000000000000
415.79666876084138 0.0 1000.00000000000000
420.79666876084138 0.0 1000.00000000000000
425.79666876084138 0.0 1000.00000000000000
430.79666876084138 0.0 1000.00000000000000
435.79666876084138 0.0 1000.00000000000000
440.79666876084138 0.0 1000.00000000000000
445.79666876084138 0.0 1000.00000000000000
450.79666876084138 0.0 1000.00000000000000
455.79666876084138 0.0 1000.00000000000000
460.79666876084138 0.0 1000.00000000000000
465.79666876084138 0.0 1000.00000000000000
470.79666876084138 0.0 1000.00000000000000
475.79666876084138 0.0 1000.00000000000000
480.79666876084138 0.0 1000.00000000000000
485.79666876084138 0.0 1000.00000000000000
490.79666876084138 0.0 1000.00000000000000
495.79666876084138 0.0 1000.00000000000000
500.79666876084138 0.0 1000.00000000000000
505.79666876084138 0.0 1000.00000000000000
510.79666876084138 0.0 1000.00000000000000
515.79666876084138 0.0 1000.00000000000000
520.79666876084138 0.0 1000.00000000000000
525.79666876084138 0.0 1000.00000000000000
530.79666876084138 0.0 1000.00000000000000
535.79666876084138 0.0 1000.00000000000000
540.79666876084138 0.0 1000.00000000000000
545.79666876084138 0.0 1000.00000000000000
550.79666876084138 0.0 1000.00000000000000
555.79666876084138 0.0 1000.00000000000000
560.79666876084138 0.0 1000.00000000000000
565.79666876084138 0.0 1000.00000000000000
570.79666876084138 0.0 1000.00000000000000
575.79666876084138 0.0 1000.00000000000000
580.79666876084138 0.0 1000.00000000000000
585.79666876084138 0.0 1000.00000000000000
590.79666876084138 0.0 1000.00000000000000
595.79666876084138 0.0 1000.00000000000000
600.79666876084138 0.0 1000.00000000000000
605.79666876084138 0.0 1000.00000000000000
610.79666876084138 0.0 1000.00000000000000
615.79666876084138 0.0 1000.00000000000000
620.79666876084138 0.0 1000.00000000000000
625.79666876084138 0.0 1000.00000000000000
630.79666876084138 0.0 1000.00000000000000
635.79666876084138 0.0 1000.00000000000000
640.79666876084138 0.0 1000.00000000000000
645.79666876084138 0.0 1000.00000000000000
650.79666876084138 0.0 1000.00000000000000
655.79666876084138 0.0 1000.00000000000000
660.79666876084138 0.0 1000.00000000000000
665.79666876084138 0.0 1000.00000000000000
670.79666876084138 0.0 1000.00000000000000
675.79666876084138 0.0 1000.00000000000000
680.79666876084138 0.0 1000.00000000000000
685.79666876084138 0.0 1000.00000000000000
690.79666876084138 0.0 1000.00000000000000
695.79666876084138 0.0 1000.00000000000000
700.79666876084138 0.0 1000.00000000000000
705.79666876084138 0.0 1000.00000000000000
710.79666876084138 0.0 1000.00000000000000
715.79666876084138 0.0 1000.00000000000000
720.79666876084138 0.0 1000.00000000000000
725.79666876084138 0.0 1000.00000000000000
730.79666876084138 0.0 1000.00000000000000
735.79666876084138 0.0 1000.00000000000000
740.79666876084138 0.0 1000.00000000000000
745.79666876084138 0.0 1000.00000000000000
750.79666876084138 0.0 1000.00000000000000
755.79666876084138 0.0 1000.00000000000000
760.79666876084138 0.0 1000.00000000000000
765.79666876084138 0.0 1000.00000000000000
770.79666876084138 0.0 1000.00000000000000
775.79666876084138 0.0 1000.00000000000000
780.79666876084138 0.0 1000.00000000000000
785.79666876084138 0.0 1000.00000000000000
790.79666876084138 0.0 1000.00000000000000
795.79666876084138 0.0 1000.00000000000000
800.79666876084138 0.0 1000.00000000000000
805.79666876084138 0.0 1000.00000000000000
810.79666876084138 0.0 1000.00000000000000
815.79666876084138 0.0 1000.00000000000000
820.79666876084138 0.0 1000.00000000000000
825.79666876084138 0.0 1000.00000000000000
830.79666876084138 0.0 1000.00000000000000
835.79666876084138 0.0 1000.00000000000000
840.79666876084138 0.0 1000.00000000000000
845.79666876084138 0.0 1000.00000000000000
850.79666876084138 0.0 1000.00000000000000
855.79666876084138 0.0 1000.00000000000000
860.79666876084138 0.0 1000.00000000000000
865.79666876084138 0.0 1000.00000000000000
870.79666876084138 0.0 1000.00000000000000
875.79666876084138 0.0 1000.00000000000000
880.79666876084138 0.0 1000.00000000000000
885.79666876084138 0.0 1000.00000000000000
890.79666876084138 0.0 1000.00000000000000
895.79666876084138 0.0 1000.00000000000000
900.79666876084138 0.0 1000.00000000000000
905.79666876084138 0.0 1000.00000000000000
910.79666876084138 0.0 1000.00000000000000
915.79666876084138 0.0 1000.00000000000000
920.79666876084138 0.0 1000.00000000000000
925.79666876084138 0.0 1000.00000000000000
930.79666876084138 0.0 1000.00000000000000
935.79666876084138 0.0 1000.00000000000000
940.79666876084138 0.0 1000.00000000000000
945.79666876084138 0.0 1000.00000000000000
950.79666876084138 0.0 1000.00000000000000
955.79666876084138 0.0 1000.00000000000000
960.79666876084138 0.0 1000.00000000000000
965.79666876084138 0.0 1000.00000000000000
970.79666876084138 0.0 1000.00000000000000
975.79666876084138 0.0 1000.00000000000000
980.79666876084138 0.0 1000.00000000000000
985.79666876084138 0.0 1000.00000000000000
990.79666876084138 0.0 1000.00000000000000
995.79666876084138 0.0 1000.00000000000000
1000.79666876084138 0.0 1000.00000000000000
1005.79666876084138 0.0 1000.00000000000000
1010.79666876084138 0.0 1000.00000000000000
1015.79666876084138 0.0 1000.00000000000000
1020.79666876084138 0.0 1000.00000000000000
1025.79666876084138 0.0 1000.00000000000000
1030.79666876084138 0.0 1000.00000000000000
1035.79666876084138 0.0 1000.00000000000000
1040.79666876084138 0.0 1000.00000000000000
1045.79666876084138 0.0 1000.00000000000000
1050.79666876084138 0.0 1000.00000000000000
1055.79666876084138 0.0 1000.00000000000000
1060.79666876084138 0.0 1000.00000000000000
1065.79666876084138 0.0 1000.00000000000000
1070.79666876084138 0.0 1000.00000000000000
1075.79666876084138 0.0 1000.00000000000000
1080.79666876084138 0.0 1000.00000000000000
1085.79666876084138 0.0 1000.00000000000000
1090.79666876084138 0.0 1000.00000000000000
1095.79666876084138 0.0 1000.00000000000000
1100.79666876084138 0.0 1000.00000000000000
1105.79666876084138 0.0 1000.00000000000000
1110.79666876084138 0.0 1000.00000000000000
1115.79666876084138 0.0 1000.00000000000000
1120.79666876084138 0.0 1000.00000000000000
1125.79666876084138 0.0 1000.00000000000000
1130.79666876084138 0.0 1000.00000000000000
1135.79666876084138 0.0 1000.00000000000000
1140.79666876084138 0.0 1000.00000000000000
1145.79666876084138 0.0 1000.00000000000000
1150.79666876084138 0.0 1000.00000000000000
1155.79666876084138 0.0 1000.00000000000000
1160.79666876084138 0.0 1000.00000000000000
1165.79666876084138 0.0 1000.00000000000000
1170.79666876084138 0.0 1000.00000000000000
1175.79666876084138 0.0 1000.00000000000000
1180.79666876084138 0.0 1000.00000000000000
1185.79666876084138 0.0 1000.00000000000000
1190.79666876084138 0.0 1000.00000000000000
1195.79666876084138 0.0 1000.00000000000000
1200.79666876084138 0.0 1000.00000000000000
1205.79666876084138 0.0 1000.00000000000000
1210.79666876084138 0.0 1000.00000000000000
1215.79666876084138 0.0 1000.00000000000000
1220.79666876084138 0.0 1000.00000000000000
1225.79666876084138 0.0 1000.00000000000000
1230.79666876084138 0.0 1000.00000000000000
1235.79666876084138 0.0 1000.00000000000000
1240.79666876084138 0.0 1000.00000000000000
1245.79666876084138 0.0 1000.00000000000000
1250.79666876084138 0.0 1000.00000000000000
1255.79666876084138 0.0 1000.00000000000000
1260.79666876084138 0.0 1000.00000000000000
1265.79666876084138 0.0 1000.00000000000000
1270.79666876084138 0.0 1000.00000000000000
1275.79666876084138 0.0 1000.00000000000000
1280.79666876084138 0.0 1000.00000000000000
1285.79666876084138 0.0 1000.00000000000000
1290.79666876084138 0.0 1000.00000000000000
1295.79666876084138 0.0 1000.00000000000000
1300.79666876084138 0.0 1000.00000000000000
1305.79666876084138 0.0 1000.00000000000000
1310.79666876084138 0.0 1000.00000000000000
1315.79666876084138 0.0 1000.00000000000000
1320.79666876084138 0.0 1000.00000000000000
1325.79666876084138 0.0 1000.00000000000000
1330.79666876084138 0.0 1000.00000000000000
1335.79666876084138 0.0 1000.00000000000000
1340.79666876084138 0.0 1000.00000000000000
1345.79666876084138 0.0 1000.00000000000000
1350.79666876084138 0.0 1000.00000000000000
1355.79666876084138 0.0 1000.00000000000000
1360.79666876084138 0.0 1000.00000000000000
1365.79666876084138 0.0 1000.00000000000000
1370.79666876084138 0.0 1000.00000000000000
1375.79666876084138 0.0 1000.00000000000000
1380.79666876084138 0.0 1000.00000000000000
1385.79666876084138 0.0 1000.00000000000000
1390.79666876084138 0.0 1000.00000000000000
1395.79666876084138 0.0 1000.00000000000000
1400.79666876084138 0.0 1000.00000000000000
1405.79666876084138 0.0 1000.00000000000000
1410.79666876084138 0.0 1000.00000000000000
1415.79666876084138 0.0 1000.00000000000000
1420.79666876084138 0.0 1000.00000000000000
1425.79666876084138 0.0 1000.00000000000000
1430.79666876084138 0.0 1000.00000000000000
1435.79666876084138 0.0 1000.00000000000000
1440.79666876084138 0.0 1000.00000000000000
1445.79666876084138 0.0 1000.00000000000000
1450.79666876084138 0.0 1000.00000000000000
1455.79666876084138 0.0 1000.00000000000000
1460.79666876084138 0.0 1000.00000000000000
1465.79666876084138 0.0 1000.00000000000000
1470.79666876084138 0.0 1000.00000000000000
1475.79666876084138 0.0 1000.00000000000000
1480.79666876084138 0.0 1000.00000000000000
1485.79666876084138 0.0 1000.00000000000000
1490.79666876084138 0.0 1000.00000000000000
1495.79666876084138 0.0 1000.00000000000000
1500.79666876084138 0.0 1000.00000000000000
1505.79666876084138 0.0 1000.00000000000000
1510.79666876084138 0.0 1000.00000000000000
1515.79666876084138 0.0 1000.00000000000000
1520.79666876084138 0.0 1000.00000000000000
1525.79666876084138 0.0 1000.00000000000000
1530.79666876084138 0.0 1000.00000000000000
1535.79666876084138 0.0 1000.00000000000000
1540.79666876084138 0.0 1000.00000000000000
1545.79666876084138 0.0 1000.00000000000000
1550.79666876084138 0.0 1000.00000000000000
1555.79666876084138 0.0 1000.00000000000000
1560.79666876084138 0.0 1000.00000000000000
1565.79666876084138 0.0 1000.00000000000000
1570.79666876084138 0.0 1000.00000000000000
1575.79666876084138 0.0 1000.00000000000000
1580.79666876084138 0.0 1000.00000000000000
1585.79666876084138 0.0 1000.00000000000000
1590.79666876084138 0.0 1000.00000000000000
1595.79666876084138 0.0 1000.00000000000000
1600.79666876084138 0.0 1000.00000000000000
1605.79666876084138 0.0 1000.00000000000000
1610.79666876084138 0.0 1000.00000000000000
1615.79666876084138 0.0 1000.00000000000000
1620.79666876084138 0.0 1000.00000000000000
1625.79666876084138 0.0 1000.00000000000000
1630.79666876084138 0.0 1000.00000000000000
1635.79666876084138 0.0 1000.00000000000000
1640.79666876084138 0.0 1000.00000000000000
1645.79666876084138 0.0 1000.00000000000000
1650.79666876084138 0.0 1000.00000000000000
1655.79666876084138 0.0 1000.00000000000000
1660.79666876084138 0.0 1000.00000000000000
1665.79666876084138 0.0 1000.00000000000000
1670.79666876084138 0.0 1000.00000000000000
1675.79666876084138 0.0 1000.00000000000000
1680.79666876084138 0.0 1000.00000000000000
1685.79666876084138 0.0 1000.00000000000000
1690.79666876084138 0.0 1000.00000000000000
1695.79666876084138 0.0 1000.00000000000000
1700.79666876084138 0.0 1000.00000000000000
1705.79666876084138 0.0 1000.00000000000000
1710.79666876084138 0.0 1000.00000000000000
1715.79666876084138 0.0 1000.00000000000000
1720.79666876084138 0.0 1000.00000000000000
1725.79666876084138 0.0 1000.00000000000000
1730.79666876084138 0.0 1000.00000000000000
1735.79666876084138 0.0 1000.00000000000000
1740.79666876084138 0.0 1000.00000000000000
1745.79666876084138 0.0 1000.00000000000000
1750.79666876084138 0.0 1000.00000000000000
1755.79666876084138 0.0 1000.00000000000000
1760.79666876084138 0.0 1000.00000000000000
1765.79666876084138 0.0 1000.00000000000000
1770.79666876084138 0.0 1000.00000000000000
1775.79666876084138 0.0 1000.00000000000000
1780.79666876084138 0.0 1000.00000000000000
1785.79666876084138 0.0 1000.00000000000000
1790.79666876084138 0.0 1000.00000000000000
1795.79666876084138 0.0 1000.00000000000000
1800.79666876084138 0.0 1000.00000000000000
1805.79666876084138 0.0 1000.00000000000000
1810.79666876084138 0.0 1000.00000000000000
1815.79666876084138 0.0 1000.00000000000000
1820.79666876084138 0.0 1000.00000000000000
1825.79666876084138 0.0 1000.00000000000000
1830.79666876084138 0.0 1000.00000000000000
1835.79666876084138 0.0 1000.00000000000000
1840.79666876084138 0.0 1000.00000000000000
1845.79666876084138 0.0 1000.00000000000000
1850.79666876084138 0.0 1000.00000000000000
1855.79666876084138 0.0 1000.00000000000000
1860.79666876084138 0.0 1000.00000000000000
1865.79666876084138 0.0 1000.00000000000000
1870.79666876084138 0.0 1000.00000000000000
1875.79666876084138 0.0 1000.00000000000000
1880.79666876084138 0.0 1000.00000000000000
1885.79666876084138 0.0 1000.00000000000000
1890.79666876084138 0.0 1000.00000000000000
1895.79666876084138 0.0 1000.00000000000000
1900.79666876084138 0.0 1000.00000000000000
1905.79666876084138 0.0 1000.00000000000000
1910.79666876084138 0.0 1000.00000000000000
1915.79666876084138 0.0 1000.00000000000000
1920.79666876084138 0.0 1000.00000000000000
1925.79666876084138 0.0 1000.00000000000000
1930.79666876084138 0.0 1000.00000000000000
1935.79666876084138 0.0 1000.00000000000000
1940.79666876084138 0.0 1000.00000000000000
1945.79666876084138 0.0 1000.00000000000000
1950.79666876084138 0.0 1000.00000000000000
1955.79666876084138 0.0 1000.00000000000000
1960.79666876084138 0.0 1000.00000000000000
1965.79666876084138 0.0 1000.00000000000000
1970.79666876084138 0.0 1000.00000000000000
1975.79666876084138 0.0 1000.00000000000000
1980.79666876084138 0.0 1000.00000000000000
1985.79666876084138 0.0 1000.00000000000000
1990.79666876084138 0.0 1000.00000000000000
1995.79666876084138 0.0 1000.00000000000000
2000.79666876084138 0.0 1000.00000000000000
2005.79666876084138 0.0 1000.00000000000000
2010.79666876084138 0.0 1000.00000000000000
2015.79666876084138 0.0 1000.00000000000000
2020.79666876084138 0.0 1000.00000000000000
2025.79666876084138 0.0 1000.00000000000000
2028.88882085416003 0.0 1000.00000000000000
