-43.47779299732488 0 1010.80644372056952
-40.48263390429471 0 1010.97679984886258
-37.48719118213857 0 1011.14212259271619
-34.49136910236786 0 1011.30053934010596
-31.49505043582219 0 1011.44960310199826
-28.49810476026703 0 1011.58629837989076
-25.50040230046850 0 1011.70708158537093
-22.50183958771135 0 1011.80807235412055
-19.50237967358959 0 1011.88550338871380
-16.50210539100167 0 1011.93658639212867
-13.50127354133997 0 1011.96103195637897
-10.50033505882361 0 1011.96363501269445
-7.49983505051777 0 1011.95881951687284
-4.49997236048954 0 1011.98422803657706
-1.49999078682985 0 1011.99474267885898