-290.00000000000000 0.00000000000000 1000.00000000000000 17.41128774446078
-265.00000000000000 0.00000000000000 1000.00000000000000 0.04831581571190
-242.37703392742895 0.00000000000000 1005.00000000000000 0.02033330773366
-217.37703392742895 0.00000000000000 1005.00000000000000 0.01197889455266
-192.37703392742895 0.00000000000000 1005.00000000000000 0.00785480954929
-167.37703392742895 0.00000000000000 1005.00000000000000 0.00552988177047
-142.37703392742895 0.00000000000000 1005.00000000000000 0.00409510843206
-118.70819801658529 0.00000000000000 1009.29770606069167 0.00303128037338
-97.02738263166869 0.00000000000000 1021.53927262371428 0.00246112701867
-73.96410024307593 0.00000000000000 1031.17768263955759 0.00212217091207
-50.57109699723411 0.00000000000000 1039.99067213771013 0.00188110496707
-26.91655134741122 0.00000000000000 1048.07622887638036 0.00171944213269
-3.05470276989954 0.00000000000000 1036.12229493940458 0.00157414405137
19.90338897383026 0.00000000000000 1021.20118595337772 0.00142722272526
40.43628852477497 0.00000000000000 1019.58161318912153 0.00131494242071
65.30965901709534 0.00000000000000 1005.41855920009425 0.00116648073095
81.86267091046361 0.00000000000000 1012.68296797770643 0.00109811974278
105.67563994587243 0.00000000000000 1005.07097049224569 0.00096485497740
130.66457265742036 0.00000000000000 1005.00000000000000 0.00086439251652
155.66457265742036 0.00000000000000 1005.00000000000000 0.00077748540826
180.66457265742036 0.00000000000000 1005.00000000000000 0.00071155311506
205.58247110842674 0.00000000000000 1003.40272685794912 0.00065338279987
230.45071571422773 0.00000000000000 1000.83944571339043 0.00059990681822
230.45071571422773 0.00000000000000 1000.83944571339043 0.00059990681822
