-190.46483982049548 0.00000000000000 1002.00000000000000 0.00762225456461
-165.46483982049548 0.00000000000000 1002.00000000000000 0.00542410734694
-140.46483982049548 0.00000000000000 1002.00000000000000 0.00406078001006
-115.52999969786509 0.00000000000000 1003.11166588167271 0.00315562354182
-90.68069589779812 0.00000000000000 1005.84979446612908 0.00254383821628
-65.79702356156852 0.00000000000000 1008.25689318669174 0.00212881547897
-40.89060507588689 0.00000000000000 1010.41646844960803 0.00182410536025
-15.96800582348438 0.00000000000000 1009.61920045127408 0.00159393019595
9.02250905808948 0.00000000000000 1005.81260557690769 0.00140193059519
33.94263212996059 0.00000000000000 1007.80946963908048 0.00124367439138
58.77198086770788 0.00000000000000 1003.28943924854104 0.00110867833298
83.72689304500032 0.00000000000000 1003.21666182481920 0.00099123508330
108.69353485733802 0.00000000000000 1002.00000000000000 0.00088584206815
133.69353485733802 0.00000000000000 1002.00000000000000 0.00080362093454
158.69353485733802 0.00000000000000 1002.00000000000000 0.00073177618474
183.69353485733802 0.00000000000000 1002.00000000000000 0.00066997118356
208.67773970387171 0.00000000000000 1001.23347347458969 0.00061739809224
233.65651806303978 0.00000000000000 1000.20360373352673 0.00056799666003
233.65651806303978 0.00000000000000 1000.20360373352673 0.00056799666003
