-290.00000000000000 0.00000000000000 1000.00000000000000 17.41068129850798
-265.00000000000000 0.00000000000000 1000.00000000000000 0.04692783270793
-250.55419766662578 0.00000000000000 1013.79963576719024 0.01724460055601
-226.47225678055858 0.00000000000000 1015.00000000000000 0.01311957518945
-201.47225678055858 0.00000000000000 1015.00000000000000 0.00881627679649
-176.47225678055858 0.00000000000000 1015.00000000000000 0.00620606172794
-151.47225678055858 0.00000000000000 1015.00000000000000 0.00452589302464
-126.47225678055858 0.00000000000000 1015.00000000000000 0.00313931321791
-114.69666908602638 0.00000000000000 1036.13939203864152 0.00257838918089
-102.20996815663969 0.00000000000000 1057.67617658329596 0.00218947929079
-87.12290960323166 0.00000000000000 1077.60614926114863 0.00199875817070
-71.19957440203811 0.00000000000000 1096.87911986950144 0.00188375134597
-54.57179843138161 0.00000000000000 1115.54341635476476 0.00181529034645
-37.38760368496525 0.00000000000000 1133.69142011213557 0.00177561018148
-19.69955575349478 0.00000000000000 1123.59425524952348 0.00174833077846
5.26626375729811 0.00000000000000 1124.90110495569229 0.00171128721274
24.70241865888390 0.00000000000000 1059.61233755496301 0.00155489229964
31.62951974420717 0.00000000000000 1083.63347971252324 0.00158373177576
40.78148670291188 0.00000000000000 1058.22441734106474 0.00149782331054
64.80119364115870 0.00000000000000 1016.34234127391596 0.00129677847985
68.22847046987907 0.00000000000000 1041.10630245825223 0.00136414185210
81.05251196900696 0.00000000000000 1038.82582441909744 0.00129678828286
99.09645098250505 0.00000000000000 1021.52217553000003 0.00115073570816
121.47453863083128 0.00000000000000 1015.00000000000000 0.00101205535634
146.47453863083126 0.00000000000000 1015.00000000000000 0.00087911590437
171.47453863083126 0.00000000000000 1015.00000000000000 0.00081064638804
196.18940600705437 0.00000000000000 1013.11273620842690 0.00074417586203
220.07357897731882 0.00000000000000 1005.72719076299836 0.00068352911745
220.07357897731882 0.00000000000000 1005.72719076299836 0.00068352911745
