-290.00000000000000 0.00000000000000 1000.00000000000000 17.41157672279017
-265.00000000000000 0.00000000000000 1000.00000000000000 0.04918486144130
-240.07083347516283 0.00000000000000 1000.33476281653134 0.01917287687983
-215.51539685083776 0.00000000000000 1002.45117941351452 0.01103597320741
-190.86297873802118 0.00000000000000 1004.79999999999995 0.00735568556328
-166.13234974304081 0.00000000000000 1007.20000000000005 0.00534302261753
-141.32300367587544 0.00000000000000 1009.44859852346246 0.00402883015263
-116.33584068819118 0.00000000000000 1009.60000000000002 0.00321825529944
-91.47120419198676 0.00000000000000 1011.71830953057326 0.00261027305399
-66.48920468170607 0.00000000000000 1012.00000000000000 0.00219667364957
-41.48920468170607 0.00000000000000 1012.00000000000000 0.00187194170025
-16.48920468170607 0.00000000000000 1012.00000000000000 0.00161645432046
8.51079531829393 0.00000000000000 1012.00000000000000 0.00141183974266
33.51079531829393 0.00000000000000 1012.00000000000000 0.00125191165266
58.45280485371315 0.00000000000000 1010.39678384231922 0.00111888473418
83.42398412048564 0.00000000000000 1009.60000000000002 0.00100450535795
108.41946921118371 0.00000000000000 1004.64903026225113 0.00090410528566
133.36203286537713 0.00000000000000 1006.34270034715826 0.00082706191940
158.26047087786549 0.00000000000000 1003.46412032439764 0.00075569142425
183.24650810551003 0.00000000000000 1000.22869010064426 0.00069067150276
207.88835393658209 0.00000000000000 1001.51922361909294 0.00063550072975
232.85781187910692 0.00000000000000 1000.28384106438227 0.00058223800591
232.85781187910692 0.00000000000000 1000.28384106438227 0.00058223800591
