-290.00000000000000 0.00000000000000 1000.00000000000000 17.41175599379214
-265.00000000000000 0.00000000000000 1000.00000000000000 0.04950012899677
-240.00000000000000 0.00000000000000 1000.00000000000000 0.02031370045165
-215.00000000000000 0.00000000000000 1000.00000000000000 0.01150954273281
-190.00000000000000 0.00000000000000 1000.00000000000000 0.00753116374813
-165.00000000000000 0.00000000000000 1000.00000000000000 0.00537246693383
-140.00000000000000 0.00000000000000 1000.00000000000000 0.00404009282397
-115.00000000000000 0.00000000000000 1000.00000000000000 0.00318495252035
-90.00000000000000 0.00000000000000 1000.00000000000000 0.00256909229921
-65.00000000000000 0.00000000000000 1000.00000000000000 0.00213572955426
-40.00000000000000 0.00000000000000 1000.00000000000000 0.00180872572792
-15.00000000000000 0.00000000000000 1000.00000000000000 0.00155469902728
10.00000000000000 0.00000000000000 1000.00000000000000 0.00135272303694
35.00000000000000 0.00000000000000 1000.00000000000000 0.00119009495346
60.00000000000000 0.00000000000000 1000.00000000000000 0.00106152968095
85.00000000000000 0.00000000000000 1000.00000000000000 0.00095217978934
110.00000000000000 0.00000000000000 1000.00000000000000 0.00085689287232
135.00000000000000 0.00000000000000 1000.00000000000000 0.00077961556024
160.00000000000000 0.00000000000000 1000.00000000000000 0.00071168058715
185.00000000000000 0.00000000000000 1000.00000000000000 0.00065107105357
210.00000000000000 0.00000000000000 1000.00000000000000 0.00060073371196
235.00000000000000 0.00000000000000 1000.00000000000000 0.00055301997921
235.00000000000000 0.00000000000000 1000.00000000000000 0.00055301997921
