-290.00000000000000 0.00000000000000 1000.00000000000000 17.41164858691977
-265.00000000000000 0.00000000000000 1000.00000000000000 0.04921881019249
-240.12104601737647 0.00000000000000 1001.00000000000000 0.02021688600838
-215.12104601737647 0.00000000000000 1001.00000000000000 0.01153627673113
-190.12104601737647 0.00000000000000 1001.00000000000000 0.00755742316859
-165.12104601737647 0.00000000000000 1001.00000000000000 0.00538124723238
-140.12104601737647 0.00000000000000 1001.00000000000000 0.00402802777173
-115.21234376228153 0.00000000000000 1002.33862324532572 0.00312957234696
-90.35009795915526 0.00000000000000 1004.90409893788501 0.00253118082265
-65.43013765137594 0.00000000000000 1006.90158091242563 0.00211915951633
-40.49531313288342 0.00000000000000 1008.70427059473775 0.00181372744349
-15.54919395230967 0.00000000000000 1007.98648933152640 0.00158143992740
9.44311300872292 0.00000000000000 1004.82020534492767 0.00138925676288
34.38474759694086 0.00000000000000 1006.52750264411452 0.00123063911600
59.26462194810606 0.00000000000000 1002.02394432332130 0.00109790627062
84.15123804662107 0.00000000000000 1002.39028200155371 0.00098306467195
109.10684193838416 0.00000000000000 1001.00000000000000 0.00087949362439
134.10684193838415 0.00000000000000 1001.00000000000000 0.00079742257054
159.10684193838415 0.00000000000000 1001.00000000000000 0.00072590776438
184.10684193838415 0.00000000000000 1001.00000000000000 0.00066395240770
209.10280158172100 0.00000000000000 1000.60797413169860 0.00061185693950
234.09749110104011 0.00000000000000 1000.09271125428563 0.00056286101973
234.09749110104011 0.00000000000000 1000.09271125428563 0.00056286101973
