-157.4509838247360000
107.8299915144450000
307.2893714687160000
457.2588300809500000
570.0178215187190000
654.7990180884710000
718.5442786672320000
766.4730460196830000
802.5097132019780000
829.6049516849060000
849.9773114465060000
865.2948751770330000
876.8118403879550000
885.4712127269940000
891.9820189969480000
896.8773620570640000
900.5580711248210000
903.3255215517050000
905.4063113463550000
906.9708149513550000
908.1471334513550000
909.0315834513550000
909.6965834513550000
910.1965834513550000
910.6965834513550000
911.3615834513550000
912.2460334513550000
913.4223519513550000
914.9868555563550000
917.0676453510050000
919.8350957778890000
923.5158048456460000
928.4111479057620000
934.9219541757160000
943.5813265147550000
955.0982917256780000
966.6152569366000000
975.2746292756390000
981.7854355455930000
986.6807786057090000
990.3614876734660000
993.1289381003500000
995.2097278950000000
996.7742315000000000
997.9505500000000000
998.8350000000000000
999.5000000000000000
1000.0000000000000000