1 0
2 0
3 0
4 0
5 0
6 0
7 0
8 0
9 0
10 0
11 0
12 0
13 0
14 0
15 0
16 0
17 0
18 0
19 0
20 0
21 0
22 0
23 0
24 0
25 0
26 0
27 0
28 0
29 0
30 0
31 0
32 0
33 0
34 0
35 0
36 0
37 0
38 0
39 0
40 0
41 0
42 0
43 0
44 0
45 0
46 0
47 0
48 0
49 0
50 0
51 0
52 0
53 0
54 0
55 0
56 0
57 0
58 0
59 0
60 0
61 0
62 0
63 0
64 0
65 0
66 0
67 0
68 0
69 0
70 0
71 0
72 0
73 0
74 0
75 0
76 0
77 0
78 0
79 0
80 0
81 0
82 0
83 0
84 0
85 0
86 0
87 0
88 0
89 0
90 0
91 0
92 0
93 0
94 0
95 0
96 0
97 0
98 0
99 0
100 0
101 0
102 0
103 0
104 0
105 0
106 0
107 0
108 0
109 0
110 0
111 0
112 0
113 0
114 0
115 0
116 0
117 0
118 0
119 0
120 0
121 0
122 0
123 0
124 0
125 0
126 0
127 0
128 0
129 0
130 0
131 0
132 0
133 0
134 0
135 0
136 0
137 0
138 0
139 0
140 0
141 0
142 0
143 0
144 0
145 0
146 0
147 0
148 0
149 0
150 0
151 0
152 0
153 0
154 0
155 0
156 0
157 0
158 0
159 0
160 0
161 0
162 0
163 0
164 0
165 0
166 0
167 0
168 0
169 0
170 0
171 0
172 0
173 0
174 0
175 0
176 0
177 0
178 0
179 0
180 0
181 0
182 0
183 0
184 0
185 0
186 0
187 0
188 0
189 0
190 0
191 0
192 0
193 0
194 0
195 0
196 0
197 0
198 0
199 0
200 0
201 0
202 0
203 0
204 0
205 0
206 0
207 0
208 0
209 0
210 0
211 0
212 0
213 0
214 0
215 0
216 0
217 0
218 0
219 0
220 0
221 0
222 0
223 0
224 0
225 0
226 0
227 0
228 0
229 0
230 0
231 0
232 0
233 0
234 0
235 0
236 0
237 0
238 0
239 0
240 0
241 0
242 0
243 0
244 0
245 0
246 0
247 0
248 0
249 0
250 0
251 0
252 0
253 0
254 0
255 0
256 0
257 0
258 0
259 0
260 0
261 0
262 0
263 0
264 0
265 0
266 0
267 0
268 0
269 0
270 0
271 0
272 0
273 0
274 0
275 0
276 0
277 0
278 0
279 0
280 0
281 0
282 0
283 0
284 0
285 0
286 0
287 0
288 0
289 0
290 0
291 0
292 0
293 0
294 0
295 0
296 0
297 0
298 0
299 0
300 0
301 0
302 0
303 0
304 0
305 0
306 0
307 0
308 0
309 0
310 0
311 0
312 0
313 0
314 0
315 0
316 0
317 0
318 0
319 0
320 0
321 0
322 0
323 0
324 0
325 0
326 0
327 0
328 0
329 0
330 0
331 0
332 0
333 0
334 0
335 0
336 0
337 0
338 0
339 0
340 0
341 0
342 0
343 0
344 0
345 0
346 0
347 0
348 0
349 0
350 0
351 0
352 0
353 0
354 0
355 0
356 0
357 0
358 0
359 0
360 0
361 0
362 0
363 0
364 0
365 0
366 0
367 0
368 0
369 0
370 0
371 0
372 0
373 0
374 0
375 0
376 0
377 0
378 0
379 0
380 0
381 0
382 0
383 0
384 0
385 0
386 0
387 0
388 0
389 0
390 0
391 0
392 0
393 0
394 0
395 0
396 0
397 0
398 0
399 0
400 0
401 0
402 0
403 0
404 0
405 0
406 0
407 0
408 0
409 0
410 0
411 0
412 0
413 0
414 0
415 0
416 0
417 0
418 0
419 0
420 0
421 0
422 0
423 0
424 0
425 0
426 0
427 0
428 0
429 0
430 0
431 0
432 0
433 0
434 0
435 0
436 0
437 0
438 0
439 0
440 0
441 0
442 0
443 0
444 0
445 0
446 0
447 0
448 0
449 0
450 0
451 0
452 0
453 0
454 0
455 0
456 0
457 0
458 0
459 0
460 0
461 0
462 0
463 0
464 0
465 0
466 0
467 0
468 0
469 0
470 0
471 0
472 0
473 0
474 0
475 0
476 0
477 0
478 0
479 0
480 0
481 0
482 0
483 0
484 0
485 0
486 0
487 0
488 0
489 0
490 0
491 0
492 0
493 0
494 0
495 0
496 0
497 0
498 0
499 0
500 0
501 0
502 0
503 0
504 0
505 0
506 0
507 0
508 0
509 0
510 0
511 0
512 0
513 0
514 0
515 0
516 0
517 0
518 0
519 0
520 0
521 0
522 0
523 0
524 0
525 0
526 0
527 0
528 0
529 0
530 0
531 0
532 0
533 0
534 0
535 0
536 0
537 0
538 0
539 0
540 0
541 0
542 0
543 0
544 0
545 0
546 0
547 0
548 0
549 0
550 0
551 0
552 0
553 0
554 0
555 0
556 0
557 0
558 0
559 0
560 0
561 0
562 0
563 0
564 0
565 0
566 0
567 0
568 0
569 0
570 0
571 0
572 0
573 0
574 0
575 0
576 0
577 0
578 0
579 0
580 0
581 0
582 0
583 0
584 0
585 0
586 0
587 0
588 0
589 0
590 0
591 0
592 0
593 0
594 0
595 0
596 0
597 0
598 0
599 0
600 0
601 0
602 0
603 0
604 0
605 0
606 0
607 0
608 0
609 0
610 0
611 0
612 0
613 0
614 0
615 0
616 0
617 0
618 0
619 0
620 0
621 0
622 0
623 0
624 0
625 0
626 0
627 0
628 0
629 0
630 0
631 0
632 0
633 0
634 0
635 0
636 0
637 0
638 0
639 0
640 0
641 0
642 0
643 0
644 0
645 0
646 0
647 0
648 0
649 0
650 0
651 0
652 0
653 0
654 0
655 0
656 0
657 0
658 0
659 0
660 0
661 0
662 0
663 0
664 0
665 0
666 0
667 0
668 0
669 0
670 0
671 0
672 0
673 0
674 0
675 0
676 0
677 0
678 0
679 0
680 0
681 0
682 0
683 0
684 0
685 0
686 0
687 0
688 0
689 0
690 0
691 0
692 0
693 0
694 0
695 0
696 0
697 0
698 0
699 0
700 0
701 0
702 0
703 0
704 0
705 0
706 0
707 0
708 0
709 0
710 0
711 0
712 0
713 0
714 0
715 0
716 0
717 0
718 0
719 0
720 0
721 0
722 0
723 0
724 0
725 0
726 0
727 0
728 0
729 0
730 0
731 0
732 0
733 0
734 0
735 0
736 0
737 0
738 0
739 0
740 0
741 0
742 0
743 0
744 0
745 0
746 0
747 0
748 0
749 0
750 0
751 0
752 0
753 0
754 0
755 0
756 0
757 0
758 0
759 0
760 0
761 0
762 0
763 0
764 0
765 0
766 0
767 0
768 0
769 0
770 0
771 0
772 0
773 0
774 0
775 0
776 0
777 0
778 0
779 0
780 0
781 0
782 0
783 0
784 0
785 0
786 0
787 0
788 0
789 0
790 0
791 0
792 0
793 0
794 0
795 0
796 0
797 0
798 0
799 0
800 0
801 0
802 0
803 0
804 0
805 0
806 0
807 0
808 0
809 0
810 0
811 0
812 0
813 0
814 0
815 0
816 0
817 0
818 0
819 0
820 0
821 0
822 0
823 0
824 0
825 0
826 0
827 0
828 0
829 0
830 0
831 0
832 0
833 0
834 0
835 0
836 0
837 0
838 0
839 0
840 0
841 0
842 0
843 0
844 0
845 0
846 0
847 0
848 0
849 0
850 0
851 0
852 0
853 0
854 0
855 0
856 0
857 0
858 0
859 0
860 0
861 0
862 0
863 0
864 0
865 0
866 0
867 0
868 0
869 0
870 0
871 0
872 0
873 0
874 0
875 0
876 0
877 0
878 0
879 0
880 0
881 0
882 0
883 0
884 0
885 0
886 0
887 0
888 0
889 0
890 0
891 0
892 0
893 0
894 0
895 0
896 0
897 0
898 0
899 0
900 0
901 0
902 0
903 0
904 0
905 0
906 0
907 0
908 0
909 0
910 0
911 0
912 0
913 0
914 0
915 0
916 0
917 0
918 0
919 0
920 0
921 0
922 0
923 0
924 0
925 0
926 0
927 0
928 0
929 0
930 0
931 0
932 0
933 0
934 0
935 0
936 0
937 0
938 0
939 0
940 0
941 0
942 0
943 0
944 0
945 0
946 0
947 0
948 0
949 0
950 0
951 0
952 0
953 0
954 0
955 0
956 0
957 0
958 0
959 0
960 0
961 0
962 0
963 0
964 0
965 0
966 0
967 0
968 0
969 0
970 0
971 0
972 0
973 0
974 0
975 0
976 0
977 0
978 0
979 0
980 0
981 0
982 0
983 0
984 0
985 0
986 0
987 0
988 0
989 0
990 0
991 0
992 0
993 0
994 0
995 0
996 0
997 0
998 0
999 0
1000 0
1001 0
1002 0
1003 0
1004 0
1005 0
1006 0
1007 0
1008 0
1009 0
1010 0
1011 0
1012 0
1013 0
1014 0
1015 0
1016 0
1017 0
1018 0
1019 0
1020 0
1021 0
1022 0
1023 0
1024 0
1025 0
1026 0
1027 0
1028 0
1029 0
1030 0
1031 0
1032 0
1033 0
1034 0
1035 0
1036 0
1037 0
1038 0
1039 0
1040 0
1041 0
1042 0
1043 0
1044 0
1045 0
1046 0
1047 0
1048 0
1049 0
1050 0
1051 0
1052 0
1053 0
1054 0
1055 0
1056 0
1057 0
1058 0
1059 0
1060 0
1061 0
1062 0
1063 0
1064 0
1065 0
1066 0
1067 0
1068 0
1069 0
1070 0
1071 0
1072 0
1073 0
1074 0
1075 0
1076 0
1077 0
1078 0
1079 0
1080 0
1081 0
1082 0
1083 0
1084 0
1085 0
1086 0
1087 0
1088 0
1089 0
1090 0
1091 0
1092 0
1093 0
1094 0
1095 0
1096 0
1097 0
1098 0
1099 0
1100 0
1101 0
1102 0
1103 0
1104 0
1105 0
1106 0
1107 0
1108 0
1109 0
1110 0
1111 0
1112 0
1113 0
1114 0
1115 0
1116 0
1117 0
1118 0
1119 0
1120 0
1121 0
1122 0
1123 0
1124 0
1125 0
1126 0
1127 0
1128 0
1129 0
1130 0
1131 0
1132 0
1133 0
1134 0
1135 0
1136 0
1137 0
1138 0
1139 0
1140 0
1141 0
1142 0
1143 0
1144 0
1145 0
1146 0
1147 0
1148 0
1149 0
1150 0
1151 0
1152 0
1153 0
1154 0
1155 0
1156 0
1157 0
1158 0
1159 0
1160 0
1161 0
1162 0
1163 0
1164 0
1165 0
1166 0
1167 0
1168 0
1169 0
1170 0
1171 0
1172 0
1173 0
1174 0
1175 0
1176 0
1177 0
1178 0
1179 0
1180 0
1181 0
1182 0
1183 0
1184 0
1185 0
1186 0
1187 0
1188 0
1189 0
1190 0
1191 0
1192 0
1193 0
1194 0
1195 0
1196 0
1197 0
1198 0
1199 0
1200 0
1201 0
1202 0
1203 0
1204 0
1205 0
1206 0
1207 0
1208 0
1209 0
1210 0
1211 0
1212 0
1213 0
1214 0
1215 0
1216 0
1217 0
1218 0
1219 0
1220 0
1221 0
1222 0
1223 0
1224 0
1225 0
1226 0
1227 0
1228 0
1229 0
1230 0
1231 0
1232 0
1233 0
1234 0
1235 0
1236 0
1237 0
1238 0
1239 0
1240 0
1241 0
1242 0
1243 0
1244 0
1245 0
1246 0
1247 0
1248 0
1249 0
1250 0
1251 0
1252 0
1253 0
1254 0
1255 0
1256 0
1257 0
1258 0
1259 0
1260 0
1261 0
1262 0
1263 0
1264 0
1265 0
1266 0
1267 0
1268 0
1269 0
1270 0
1271 0
1272 0
1273 0
1274 0
1275 0
1276 0
1277 0
1278 0
1279 0
1280 0
1281 0
1282 0
1283 0
1284 0
1285 0
1286 0
1287 0
1288 0
1289 0
1290 0
1291 0
1292 0
1293 0
1294 0
1295 0
1296 0
1297 0
1298 0
1299 0
1300 0
1301 0
1302 0
1303 0
1304 0
1305 0
1306 0
1307 0
1308 0
1309 0
1310 0
1311 0
1312 0
1313 0
1314 0
1315 0
1316 0
1317 0
1318 0
1319 0
1320 0
1321 0
1322 0
1323 0
1324 0
1325 0
1326 0
1327 0
1328 0
1329 0
1330 0
1331 0
1332 0
1333 0
1334 0
1335 0
1336 0
1337 0
1338 0
1339 0
1340 0
1341 0
1342 0
1343 0
1344 0
1345 0
1346 0
1347 0
1348 0
1349 0
1350 0
1351 0
1352 0
1353 0
1354 0
1355 0
1356 0
1357 0
1358 0
1359 0
1360 0
1361 0
1362 0
1363 0
1364 0
1365 0
1366 0
1367 0
1368 0
1369 0
1370 0
1371 0
1372 0
1373 0
1374 0
1375 0
1376 0
1377 0
1378 0
1379 0
1380 0
1381 0
1382 0
1383 0
1384 0
1385 0
1386 0
1387 0
1388 0
1389 0
1390 0
1391 0
1392 0
1393 0
1394 0
1395 0
1396 0
1397 0
1398 0
1399 0
1400 0
1401 0
1402 0
1403 0
1404 0
1405 0
1406 0
1407 0
1408 0
1409 0
1410 0
1411 0
1412 0
1413 0
1414 0
1415 0
1416 0
1417 0
1418 0
1419 0
1420 0
1421 0
1422 0
1423 0
1424 0
1425 0
1426 0
1427 0
1428 0
1429 0
1430 0
1431 0
1432 0
1433 0
1434 0
1435 0
1436 0
1437 0
1438 0
1439 0
1440 0
1441 0
1442 0
1443 0
1444 0
1445 0
1446 0
1447 0
1448 0
1449 0
1450 0
1451 0
1452 0
1453 0
1454 0
1455 0
1456 0
1457 0
1458 0
1459 0
1460 0
1461 0
1462 0
1463 0
1464 0
1465 0
1466 0
1467 0
1468 0
1469 0
1470 0
1471 0
1472 0
1473 0
1474 0
1475 0
1476 0
1477 0
1478 0
1479 0
1480 0
1481 0
1482 0
1483 0
1484 0
1485 0
1486 0
1487 0
1488 0
1489 0
1490 0
1491 0
1492 0
1493 0
1494 0
1495 0
1496 0
1497 0
1498 0
1499 0
1500 0
1501 0
1502 0
1503 0
1504 0
1505 0
1506 0
1507 0
1508 0
1509 0
1510 0
1511 0
1512 0
1513 0
1514 0
1515 0
1516 0
1517 0
1518 0
1519 0
1520 0
1521 0
1522 0
1523 0
1524 0
1525 0
1526 0
1527 0
1528 0
1529 0
1530 0
1531 0
1532 0
1533 0
1534 0
1535 0
1536 0
1537 0
1538 0
1539 0
1540 0
1541 0
1542 0
1543 0
1544 0
1545 0
1546 0
1547 0
1548 0
1549 0
1550 0
1551 0
1552 0
1553 0
1554 0
1555 0
1556 0
1557 0
1558 0
1559 0
1560 0
1561 0
1562 0
1563 0
1564 0
1565 0
1566 0
1567 0
1568 0
1569 0
1570 0
1571 0
1572 0
1573 0
1574 0
1575 0
1576 0
1577 0
1578 0
1579 0
1580 0
1581 0
1582 0
1583 0
1584 0
1585 0
1586 0
1587 0
1588 0
1589 0
1590 0
1591 0
1592 0
1593 0
1594 0
1595 0
1596 0
1597 0
1598 0
1599 0
1600 0
1601 0
1602 0
1603 0
1604 0
1605 0
1606 0
1607 0
1608 0
1609 0
1610 0
1611 0
1612 0
1613 0
1614 0
1615 0
1616 0
1617 0
1618 0
1619 0
1620 0
1621 0
1622 0
1623 0
1624 0
1625 0
1626 0
1627 0
1628 0
1629 0
1630 0
1631 0
1632 0
1633 0
1634 0
1635 0
1636 0
1637 0
1638 0
1639 0
1640 0
1641 0
1642 0
1643 0
1644 0
1645 0
1646 0
1647 0
1648 0
1649 0
1650 0
1651 0
1652 0
1653 0
1654 0
1655 0
1656 0
1657 0
1658 0
1659 0
1660 0
1661 0
1662 0
1663 0
1664 0
1665 0

1 0
38 0
75 0
112 0
149 0
186 0
223 0
260 0
297 0
334 0
371 0
408 0
445 0
482 0
519 0
556 0
593 0
630 0
667 0
704 0
741 0
778 0
815 0
852 0
889 0
926 0
963 0
1000 0
1037 0
1074 0
1111 0
1148 0
1185 0
1222 0
1259 0
1296 0
1333 0
1370 0
1407 0
1444 0
1481 0
1518 0
1555 0
1592 0
1629 0
1666 0
1703 0
1740 0
1777 0
1814 0
1851 0
1888 0
1925 0
1962 0
1999 0
2036 0
2073 0
2110 0
2147 0
2184 0
2221 0
2258 0
2295 0
2332 0
2369 0
2406 0
2443 0
2480 0
2517 0
2554 0
2591 0
2628 0
2665 0
2702 0
2739 0
2776 0
2813 0
2850 0
2887 0
2924 0
2961 0
2998 0
3035 0
3072 0
3109 0
3146 0
3183 0
3220 0
3257 0
3294 0
3331 0
3368 0
3405 0
3442 0
3479 0
3516 0
3553 0
3590 0
3627 0
3664 0
3701 0
3738 0
3775 0
3812 0
3849 0
3886 0
3923 0
3960 0
3997 0
4034 0
4071 0
4108 0
4145 0
4182 0
4219 0
4256 0
4293 0
4330 0
4367 0
4404 0
4441 0
4478 0
4515 0
4552 0
4589 0
4626 0
4663 0
4700 0
4737 0
4774 0
4811 0
4848 0
4885 0
4922 0
4959 0
4996 0
5033 0
5070 0
5107 0
5144 0
5181 0
5218 0
5255 0
5292 0
5329 0
5366 0
5403 0
5440 0
5477 0
5514 0
5551 0
5588 0
5625 0
5662 0
5699 0
5736 0
5773 0
5810 0
5847 0
5884 0
5921 0
5958 0
5995 0
6032 0
6069 0
6106 0
6143 0
6180 0
6217 0
6254 0
6291 0
6328 0
6365 0
6402 0
6439 0
6476 0
6513 0
6550 0
6587 0
6624 0
6661 0
6698 0
6735 0
6772 0
6809 0
6846 0
6883 0
6920 0
6957 0
6994 0
7031 0
7068 0
7105 0
7142 0
7179 0
7216 0
7253 0
7290 0
7327 0
7364 0
7401 0
7438 0
7475 0
7512 0
7549 0
7586 0
7623 0
7660 0
7697 0
7734 0
7771 0
7808 0
7845 0
7882 0
7919 0
7956 0
7993 0
8030 0
8067 0
8104 0
8141 0
8178 0
8215 0
8252 0
8289 0
8326 0
8363 0
8400 0
8437 0
8474 0
8511 0
8548 0
8585 0
8622 0
8659 0
8696 0
8733 0
8770 0
8807 0
8844 0
8881 0
8918 0
8955 0
8992 0
9029 0
9066 0
9103 0
9140 0
9177 0
9214 0
9251 0
9288 0
9325 0
9362 0
9399 0
9436 0
9473 0
9510 0
9547 0
9584 0
9621 0
9658 0
9695 0
9732 0
9769 0
9806 0
9843 0
9880 0
9917 0
9954 0
9991 0
10028 0
10065 0
10102 0
10139 0
10176 0
10213 0
10250 0
10287 0
10324 0
10361 0
10398 0
10435 0
10472 0
10509 0
10546 0
10583 0
10620 0
10657 0
10694 0
10731 0
10768 0
10805 0
10842 0
10879 0
10916 0
10953 0
10990 0
11027 0
11064 0
11101 0
11138 0
11175 0
11212 0
11249 0
11286 0
11323 0
11360 0
11397 0
11434 0
11471 0
11508 0
11545 0
11582 0
11619 0
11656 0
11693 0
11730 0
11767 0
11804 0
11841 0
11878 0
11915 0
11952 0
11989 0
12026 0
12063 0
12100 0
12137 0
12174 0
12211 0
12248 0
12285 0
12322 0
12359 0
12396 0
12433 0
12470 0
12507 0
12544 0
12581 0
12618 0
12655 0
12692 0
12729 0
12766 0
12803 0
12840 0
12877 0
12914 0
12951 0
12988 0
13025 0
13062 0
13099 0
13136 0
13173 0
13210 0
13247 0
13284 0
13321 0
13358 0
13395 0
13432 0
13469 0
13506 0
13543 0
13580 0
13617 0
13654 0
13691 0
13728 0
13765 0
13802 0
13839 0
13876 0
13913 0
13950 0
13987 0
14024 0
14061 0
14098 0
14135 0
14172 0
14209 0
14246 0
14283 0
14320 0
14357 0
14394 0
14431 0
14468 0
14505 0
14542 0
14579 0
14616 0
14653 0
14690 0
14727 0
14764 0
14801 0
14838 0
14875 0
14912 0
14949 0
14986 0
15023 0
15060 0
15097 0
15134 0
15171 0
15208 0
15245 0
15282 0
15319 0
15356 0
15393 0
15430 0
15467 0
15504 0
15541 0
15578 0
15615 0
15652 0
15689 0
15726 0
15763 0
15800 0
15837 0
15874 0
15911 0
15948 0
15985 0
16022 0
16059 0
16096 0
16133 0
16170 0
16207 0
16244 0
16281 0
16318 0
16355 0
16392 0
16429 0
16466 0
16503 0
16540 0
16577 0
16614 0
16651 0
16688 0
16725 0
16762 0
16799 0
16836 0
16873 0
16910 0
16947 0
16984 0
17021 0
17058 0
17095 0
17132 0
17169 0
17206 0
17243 0
17280 0
17317 0
17354 0
17391 0
17428 0
17465 0
17502 0
17539 0
17576 0
17613 0
17650 0
17687 0
17724 0
17761 0
17798 0
17835 0
17872 0
17909 0
17946 0
17983 0
18020 0
18057 0
18094 0
18131 0
18168 0
18205 0
18242 0
18279 0
18316 0
18353 0
18390 0
18427 0
18464 0
18501 0
18538 0
18575 0
18612 0
18649 0
18686 0
18723 0
18760 0
18797 0
18834 0
18871 0
18908 0
18945 0
18982 0
19019 0
19056 0
19093 0
19130 0
19167 0
19204 0
19241 0
19278 0
19315 0
19352 0
19389 0
19426 0
19463 0
19500 0
19537 0
19574 0
19611 0
19648 0
19685 0
19722 0
19759 0
19796 0
19833 0
19870 0
19907 0
19944 0
19981 0
20018 0
20055 0
20092 0
20129 0
20166 0
20203 0
20240 0
20277 0
20314 0
20351 0
20388 0
20425 0
20462 0
20499 0
20536 0
20573 0
20610 0
20647 0
20684 0
20721 0
20758 0
20795 0
20832 0
20869 0
20906 0
20943 0
20980 0
21017 0
21054 0
21091 0
21128 0
21165 0
21202 0
21239 0
21276 0
21313 0
21350 0
21387 0
21424 0
21461 0
21498 0
21535 0
21572 0
21609 0
21646 0
21683 0
21720 0
21757 0
21794 0
21831 0
21868 0
21905 0
21942 0
21979 0
22016 0
22053 0
22090 0
22127 0
22164 0
22201 0
22238 0
22275 0
22312 0
22349 0
22386 0
22423 0
22460 0
22497 0
22534 0
22571 0
22608 0
22645 0
22682 0
22719 0
22756 0
22793 0
22830 0
22867 0
22904 0
22941 0
22978 0
23015 0
23052 0
23089 0
23126 0
23163 0
23200 0
23237 0
23274 0
23311 0
23348 0
23385 0
23422 0
23459 0
23496 0
23533 0
23570 0
23607 0
23644 0
23681 0
23718 0
23755 0
23792 0
23829 0
23866 0
23903 0
23940 0
23977 0
24014 0
24051 0
24088 0
24125 0
24162 0
24199 0
24236 0
24273 0
24310 0
24347 0
24384 0
24421 0
24458 0
24495 0
24532 0
24569 0
24606 0
24643 0
24680 0
24717 0
24754 0
24791 0
24828 0
24865 0
24902 0
24939 0
24976 0
25013 0
25050 0
25087 0
25124 0
25161 0
25198 0
25235 0
25272 0
25309 0
25346 0
25383 0
25420 0
25457 0
25494 0
25531 0
25568 0
25605 0
25642 0
25679 0
25716 0
25753 0
25790 0
25827 0
25864 0
25901 0
25938 0
25975 0
26012 0
26049 0
26086 0
26123 0
26160 0
26197 0
26234 0
26271 0
26308 0
26345 0
26382 0
26419 0
26456 0
26493 0
26530 0
26567 0
26604 0
26641 0
26678 0
26715 0
26752 0
26789 0
26826 0
26863 0
26900 0
26937 0
26974 0
27011 0
27048 0
27085 0
27122 0
27159 0
27196 0
27233 0
27270 0
27307 0
27344 0
27381 0
27418 0
27455 0
27492 0
27529 0
27566 0
27603 0
27640 0
27677 0
27714 0
27751 0
27788 0
27825 0
27862 0
27899 0
27936 0
27973 0
28010 0
28047 0
28084 0
28121 0
28158 0
28195 0
28232 0
28269 0
28306 0
28343 0
28380 0
28417 0
28454 0
28491 0
28528 0
28565 0
28602 0
28639 0
28676 0
28713 0
28750 0
28787 0
28824 0
28861 0
28898 0
28935 0
28972 0
29009 0
29046 0
29083 0
29120 0
29157 0
29194 0
29231 0
29268 0
29305 0
29342 0
29379 0
29416 0
29453 0
29490 0
29527 0
29564 0
29601 0
29638 0
29675 0
29712 0
29749 0
29786 0
29823 0
29860 0
29897 0
29934 0
29971 0
30008 0
30045 0
30082 0
30119 0
30156 0
30193 0
30230 0
30267 0
30304 0
30341 0
30378 0
30415 0
30452 0
30489 0
30526 0
30563 0
30600 0
30637 0
30674 0
30711 0
30748 0
30785 0
30822 0
30859 0
30896 0
30933 0
30970 0
31007 0
31044 0
31081 0
31118 0
31155 0
31192 0
31229 0
31266 0
31303 0
31340 0
31377 0
31414 0
31451 0
31488 0
31525 0
31562 0
31599 0
31636 0
31673 0
31710 0
31747 0
31784 0
31821 0
31858 0
31895 0
31932 0
31969 0
32006 0
32043 0
32080 0
32117 0
32154 0
32191 0
32228 0
32265 0
32302 0
32339 0
32376 0
32413 0
32450 0
32487 0
32524 0
32561 0
32598 0
32635 0
32672 0
32709 0
32746 0
32783 0
32820 0
32857 0
32894 0
32931 0
32968 0
33005 0
33042 0
33079 0
33116 0
33153 0
33190 0
33227 0
33264 0
33301 0
33338 0
33375 0
33412 0
33449 0
33486 0
33523 0
33560 0
33597 0
33634 0
33671 0
33708 0
33745 0
33782 0
33819 0
33856 0
33893 0
33930 0
33967 0
34004 0
34041 0
34078 0
34115 0
34152 0
34189 0
34226 0
34263 0
34300 0
34337 0
34374 0
34411 0
34448 0
34485 0
34522 0
34559 0
34596 0
34633 0
34670 0
34707 0
34744 0
34781 0
34818 0
34855 0
34892 0
34929 0
34966 0
35003 0
35040 0
35077 0
35114 0
35151 0
35188 0
35225 0
35262 0
35299 0
35336 0
35373 0
35410 0
35447 0
35484 0
35521 0
35558 0
35595 0
35632 0
35669 0
35706 0
35743 0
35780 0
35817 0
35854 0
35891 0
35928 0
35965 0
36002 0
36039 0
36076 0
36113 0
36150 0
36187 0
36224 0
36261 0
36298 0
36335 0
36372 0
36409 0
36446 0
36483 0
36520 0
36557 0
36594 0
36631 0
36668 0
36705 0
36742 0
36779 0
36816 0
36853 0
36890 0
36927 0
36964 0
37001 0
37038 0
37075 0
37112 0
37149 0
37186 0
37223 0
37260 0
37297 0
37334 0
37371 0
37408 0
37445 0
37482 0
37519 0
37556 0
37593 0
37630 0
37667 0
37704 0
37741 0
37778 0
37815 0
37852 0
37889 0
37926 0
37963 0
38000 0
38037 0
38074 0
38111 0
38148 0
38185 0
38222 0
38259 0
38296 0
38333 0
38370 0
38407 0
38444 0
38481 0
38518 0
38555 0
38592 0
38629 0
38666 0
38703 0
38740 0
38777 0
38814 0
38851 0
38888 0
38925 0
38962 0
38999 0
39036 0
39073 0
39110 0
39147 0
39184 0
39221 0
39258 0
39295 0
39332 0
39369 0
39406 0
39443 0
39480 0
39517 0
39554 0
39591 0
39628 0
39665 0
39702 0
39739 0
39776 0
39813 0
39850 0
39887 0
39924 0
39961 0
39998 0
40035 0
40072 0
40109 0
40146 0
40183 0
40220 0
40257 0
40294 0
40331 0
40368 0
40405 0
40442 0
40479 0
40516 0
40553 0
40590 0
40627 0
40664 0
40701 0
40738 0
40775 0
40812 0
40849 0
40886 0
40923 0
40960 0
40997 0
41034 0
41071 0
41108 0
41145 0
41182 0
41219 0
41256 0
41293 0
41330 0
41367 0
41404 0
41441 0
41478 0
41515 0
41552 0
41589 0
41626 0
41663 0
41700 0
41737 0
41774 0
41811 0
41848 0
41885 0
41922 0
41959 0
41996 0
42033 0
42070 0
42107 0
42144 0
42181 0
42218 0
42255 0
42292 0
42329 0
42366 0
42403 0
42440 0
42477 0
42514 0
42551 0
42588 0
42625 0
42662 0
42699 0
42736 0
42773 0
42810 0
42847 0
42884 0
42921 0
42958 0
42995 0
43032 0
43069 0
43106 0
43143 0
43180 0
43217 0
43254 0
43291 0
43328 0
43365 0
43402 0
43439 0
43476 0
43513 0
43550 0
43587 0
43624 0
43661 0
43698 0
43735 0
43772 0
43809 0
43846 0
43883 0
43920 0
43957 0
43994 0
44031 0
44068 0
44105 0
44142 0
44179 0
44216 0
44253 0
44290 0
44327 0
44364 0
44401 0
44438 0
44475 0
44512 0
44549 0
44586 0
44623 0
44660 0
44697 0
44734 0
44771 0
44808 0
44845 0
44882 0
44919 0
44956 0
44993 0
45030 0
45067 0
45104 0
45141 0
45178 0
45215 0
45252 0
45289 0
45326 0
45363 0
45400 0
45437 0
45474 0
45511 0
45548 0
45585 0
45622 0
45659 0
45696 0
45733 0
45770 0
45807 0
45844 0
45881 0
45918 0
45955 0
45992 0
46029 0
46066 0
46103 0
46140 0
46177 0
46214 0
46251 0
46288 0
46325 0
46362 0
46399 0
46436 0
46473 0
46510 0
46547 0
46584 0
46621 0
46658 0
46695 0
46732 0
46769 0
46806 0
46843 0
46880 0
46917 0
46954 0
46991 0
47028 0
47065 0
47102 0
47139 0
47176 0
47213 0
47250 0
47287 0
47324 0
47361 0
47398 0
47435 0
47472 0
47509 0
47546 0
47583 0
47620 0
47657 0
47694 0
47731 0
47768 0
47805 0
47842 0
47879 0
47916 0
47953 0
47990 0
48027 0
48064 0
48101 0
48138 0
48175 0
48212 0
48249 0
48286 0
48323 0
48360 0
48397 0
48434 0
48471 0
48508 0
48545 0
48582 0
48619 0
48656 0
48693 0
48730 0
48767 0
48804 0
48841 0
48878 0
48915 0
48952 0
48989 0
49026 0
49063 0
49100 0
49137 0
49174 0
49211 0
49248 0
49285 0
49322 0
49359 0
49396 0
49433 0
49470 0
49507 0
49544 0
49581 0
49618 0
49655 0
49692 0
49729 0
49766 0
49803 0
49840 0
49877 0
49914 0
49951 0
49988 0
50025 0
50062 0
50099 0
50136 0
50173 0
50210 0
50247 0
50284 0
50321 0
50358 0
50395 0
50432 0
50469 0
50506 0
50543 0
50580 0
50617 0
50654 0
50691 0
50728 0
50765 0
50802 0
50839 0
50876 0
50913 0
50950 0
50987 0
51024 0
51061 0
51098 0
51135 0
51172 0
51209 0
51246 0
51283 0
51320 0
51357 0
51394 0
51431 0
51468 0
51505 0
51542 0
51579 0
51616 0
51653 0
51690 0
51727 0
51764 0
51801 0
51838 0
51875 0
51912 0
51949 0
51986 0
52023 0
52060 0
52097 0
52134 0
52171 0
52208 0
52245 0
52282 0
52319 0
52356 0
52393 0
52430 0
52467 0
52504 0
52541 0
52578 0
52615 0
52652 0
52689 0
52726 0
52763 0
52800 0
52837 0
52874 0
52911 0
52948 0
52985 0
53022 0
53059 0
53096 0
53133 0
53170 0
53207 0
53244 0
53281 0
53318 0
53355 0
53392 0
53429 0
53466 0
53503 0
53540 0
53577 0
53614 0
53651 0
53688 0
53725 0
53762 0
53799 0
53836 0
53873 0
53910 0
53947 0
53984 0
54021 0
54058 0
54095 0
54132 0
54169 0
54206 0
54243 0
54280 0
54317 0
54354 0
54391 0
54428 0
54465 0
54502 0
54539 0
54576 0
54613 0
54650 0
54687 0
54724 0
54761 0
54798 0
54835 0
54872 0
54909 0
54946 0
54983 0
55020 0
55057 0
55094 0
55131 0
55168 0
55205 0
55242 0
55279 0
55316 0
55353 0
55390 0
55427 0
55464 0
55501 0
55538 0
55575 0
55612 0
55649 0
55686 0
55723 0
55760 0
55797 0
55834 0
55871 0
55908 0
55945 0
55982 0
56019 0
56056 0
56093 0
56130 0
56167 0
56204 0
56241 0
56278 0
56315 0
56352 0
56389 0
56426 0
56463 0
56500 0
56537 0
56574 0
56611 0
56648 0
56685 0
56722 0
56759 0
56796 0
56833 0
56870 0
56907 0
56944 0
56981 0
57018 0
57055 0
57092 0
57129 0
57166 0
57203 0
57240 0
57277 0
57314 0
57351 0
57388 0
57425 0
57462 0
57499 0
57536 0
57573 0
57610 0
57647 0
57684 0
57721 0
57758 0
57795 0
57832 0
57869 0
57906 0
57943 0
57980 0
58017 0
58054 0
58091 0
58128 0
58165 0
58202 0
58239 0
58276 0
58313 0
58350 0
58387 0
58424 0
58461 0
58498 0
58535 0
58572 0
58609 0
58646 0
58683 0
58720 0
58757 0
58794 0
58831 0
58868 0
58905 0
58942 0
58979 0
59016 0
59053 0
59090 0
59127 0
59164 0
59201 0
59238 0
59275 0
59312 0
59349 0
59386 0
59423 0
59460 0
59497 0
59534 0
59571 0
59608 0
59645 0
59682 0
59719 0
59756 0
59793 0
59830 0
59867 0
59904 0
59941 0
59978 0
60015 0
60052 0
60089 0
60126 0
60163 0
60200 0
60237 0
60274 0
60311 0
60348 0
60385 0
60422 0
60459 0
60496 0
60533 0
60570 0
60607 0
60644 0
60681 0
60718 0
60755 0
60792 0
60829 0
60866 0
60903 0
60940 0
60977 0
61014 0
61051 0
61088 0
61125 0
61162 0
61199 0
61236 0
61273 0
61310 0
61347 0
61384 0
61421 0
61458 0
61495 0
61532 0
61569 0
61606 0
61643 0
61680 0
61717 0
61754 0
61791 0
61828 0
61865 0
61902 0
61939 0
61976 0
62013 0
62050 0
62087 0
62124 0
62161 0
62198 0
62235 0
62272 0
62309 0
62346 0
62383 0
62420 0
62457 0
62494 0
62531 0
62568 0
62605 0
62642 0
62679 0
62716 0
62753 0
62790 0
62827 0
62864 0
62901 0
62938 0
62975 0
63012 0
63049 0
63086 0
63123 0
63160 0
63197 0
63234 0
63271 0
63308 0
63345 0
63382 0
63419 0
63456 0
63493 0
63530 0
63567 0
63604 0
63641 0
63678 0
63715 0
63752 0
63789 0
63826 0
63863 0
63900 0
63937 0
63974 0
64011 0
64048 0
64085 0
64122 0
64159 0
64196 0
64233 0
64270 0
64307 0
64344 0
64381 0
64418 0
64455 0
64492 0
64529 0
64566 0
64603 0
64640 0
64677 0
64714 0
64751 0
64788 0
64825 0
64862 0
64899 0
64936 0
64973 0
65010 0
65047 0
65084 0
65121 0
65158 0
65195 0
65232 0
65269 0
65306 0
65343 0
65380 0
65417 0
65454 0
65491 0
65528 0
65565 0
65602 0
65639 0
65676 0
65713 0
65750 0
65787 0
65824 0
65861 0
65898 0
65935 0
65972 0
66009 0
66046 0
66083 0
66120 0
66157 0
66194 0
66231 0
66268 0
66305 0
66342 0
66379 0
66416 0
66453 0
66490 0
66527 0
66564 0
66601 0
66638 0
66675 0
66712 0
66749 0
66786 0
66823 0
66860 0
66897 0
66934 0
66971 0
67008 0
67045 0
67082 0
67119 0
67156 0
67193 0
67230 0
67267 0
67304 0
67341 0
67378 0
67415 0
67452 0
67489 0
67526 0
67563 0
67600 0
67637 0
67674 0
67711 0
67748 0
67785 0
67822 0
67859 0
67896 0
67933 0
67970 0
68007 0
68044 0
68081 0
68118 0
68155 0
68192 0
68229 0
68266 0
68303 0
68340 0
68377 0
68414 0
68451 0
68488 0
68525 0
68562 0
68599 0
68636 0
68673 0
68710 0
68747 0
68784 0
68821 0
68858 0
68895 0
68932 0
68969 0
69006 0
69043 0
69080 0
69117 0
69154 0
69191 0
69228 0
69265 0
69302 0
69339 0
69376 0
69413 0
69450 0
69487 0
69524 0
69561 0
69598 0
69635 0
69672 0
69709 0
69746 0
69783 0
69820 0
69857 0
69894 0
69931 0
69968 0
70005 0
70042 0
70079 0
70116 0
70153 0
70190 0
70227 0
70264 0
70301 0
70338 0
70375 0
70412 0
70449 0
70486 0
70523 0
70560 0
70597 0
70634 0
70671 0
70708 0
70745 0
70782 0
70819 0
70856 0
70893 0
70930 0
70967 0
71004 0
71041 0
71078 0
71115 0
71152 0
71189 0
71226 0
71263 0
71300 0
71337 0
71374 0
71411 0
71448 0
71485 0
71522 0
71559 0
71596 0
71633 0
71670 0
71707 0
71744 0
71781 0
71818 0
71855 0
71892 0
71929 0
71966 0
72003 0
72040 0
72077 0
72114 0
72151 0
72188 0
72225 0
72262 0
72299 0
72336 0
72373 0
72410 0
72447 0
72484 0
72521 0
72558 0
72595 0
72632 0
72669 0
72706 0
72743 0
72780 0
72817 0
72854 0
72891 0
72928 0
72965 0
73002 0
73039 0
73076 0
73113 0
73150 0
73187 0
73224 0
73261 0
73298 0
73335 0
73372 0
73409 0
73446 0
73483 0
73520 0
73557 0
73594 0
73631 0
73668 0
73705 0
73742 0
73779 0
73816 0
73853 0
73890 0
73927 0
73964 0
74001 0
74038 0
74075 0
74112 0
74149 0
74186 0
74223 0
74260 0
74297 0
74334 0
74371 0
74408 0
74445 0
74482 0
74519 0
74556 0
74593 0
74630 0
74667 0
74704 0
74741 0
74778 0
74815 0
74852 0
74889 0
74926 0
74963 0
75000 0
75037 0
75074 0
75111 0
75148 0
75185 0
75222 0
75259 0
75296 0
75333 0
75370 0
75407 0
75444 0
75481 0
75518 0
75555 0
75592 0
75629 0
75666 0
75703 0
75740 0
75777 0
75814 0
75851 0
75888 0
75925 0
75962 0
75999 0
76036 0
76073 0
76110 0
76147 0
76184 0
76221 0
76258 0
76295 0
76332 0
76369 0
76406 0
76443 0
76480 0
76517 0
76554 0
76591 0
76628 0
76665 0
76702 0
76739 0
76776 0
76813 0
76850 0
76887 0
76924 0
76961 0
76998 0
77035 0
77072 0
77109 0
77146 0
77183 0
77220 0
77257 0
77294 0
77331 0
77368 0
77405 0
77442 0
77479 0
77516 0
77553 0
77590 0
77627 0
77664 0
77701 0
77738 0
77775 0
77812 0
77849 0
77886 0
77923 0
77960 0
77997 0
78034 0
78071 0
78108 0
78145 0
78182 0
78219 0
78256 0
78293 0
78330 0
78367 0
78404 0
78441 0
78478 0
78515 0
78552 0
78589 0
78626 0
78663 0
78700 0
78737 0
78774 0
78811 0
78848 0
78885 0
78922 0
78959 0
78996 0
79033 0
79070 0
79107 0
79144 0
79181 0
79218 0
79255 0
79292 0
79329 0
79366 0
79403 0
79440 0
79477 0
79514 0
79551 0
79588 0
79625 0
79662 0
79699 0
79736 0
79773 0
79810 0
79847 0
79884 0

1 0
2 0
3 0
4 0
5 0
6 0
7 0
8 0
9 0
10 0
11 0
12 0
13 0
14 0
15 0
16 0
17 0
18 0
19 0
20 0
21 0
22 0
23 0
24 0
25 0
26 0
27 0
28 0
29 0
30 0
31 0
32 0
33 0
34 0
35 0
36 0
37 0
1666 0
1667 0
1668 0
1669 0
1670 0
1671 0
1672 0
1673 0
1674 0
1675 0
1676 0
1677 0
1678 0
1679 0
1680 0
1681 0
1682 0
1683 0
1684 0
1685 0
1686 0
1687 0
1688 0
1689 0
1690 0
1691 0
1692 0
1693 0
1694 0
1695 0
1696 0
1697 0
1698 0
1699 0
1700 0
1701 0
1702 0
3331 0
3332 0
3333 0
3334 0
3335 0
3336 0
3337 0
3338 0
3339 0
3340 0
3341 0
3342 0
3343 0
3344 0
3345 0
3346 0
3347 0
3348 0
3349 0
3350 0
3351 0
3352 0
3353 0
3354 0
3355 0
3356 0
3357 0
3358 0
3359 0
3360 0
3361 0
3362 0
3363 0
3364 0
3365 0
3366 0
3367 0
4996 0
4997 0
4998 0
4999 0
5000 0
5001 0
5002 0
5003 0
5004 0
5005 0
5006 0
5007 0
5008 0
5009 0
5010 0
5011 0
5012 0
5013 0
5014 0
5015 0
5016 0
5017 0
5018 0
5019 0
5020 0
5021 0
5022 0
5023 0
5024 0
5025 0
5026 0
5027 0
5028 0
5029 0
5030 0
5031 0
5032 0
6661 0
6662 0
6663 0
6664 0
6665 0
6666 0
6667 0
6668 0
6669 0
6670 0
6671 0
6672 0
6673 0
6674 0
6675 0
6676 0
6677 0
6678 0
6679 0
6680 0
6681 0
6682 0
6683 0
6684 0
6685 0
6686 0
6687 0
6688 0
6689 0
6690 0
6691 0
6692 0
6693 0
6694 0
6695 0
6696 0
6697 0
8326 0
8327 0
8328 0
8329 0
8330 0
8331 0
8332 0
8333 0
8334 0
8335 0
8336 0
8337 0
8338 0
8339 0
8340 0
8341 0
8342 0
8343 0
8344 0
8345 0
8346 0
8347 0
8348 0
8349 0
8350 0
8351 0
8352 0
8353 0
8354 0
8355 0
8356 0
8357 0
8358 0
8359 0
8360 0
8361 0
8362 0
9991 0
9992 0
9993 0
9994 0
9995 0
9996 0
9997 0
9998 0
9999 0
10000 0
10001 0
10002 0
10003 0
10004 0
10005 0
10006 0
10007 0
10008 0
10009 0
10010 0
10011 0
10012 0
10013 0
10014 0
10015 0
10016 0
10017 0
10018 0
10019 0
10020 0
10021 0
10022 0
10023 0
10024 0
10025 0
10026 0
10027 0
11656 0
11657 0
11658 0
11659 0
11660 0
11661 0
11662 0
11663 0
11664 0
11665 0
11666 0
11667 0
11668 0
11669 0
11670 0
11671 0
11672 0
11673 0
11674 0
11675 0
11676 0
11677 0
11678 0
11679 0
11680 0
11681 0
11682 0
11683 0
11684 0
11685 0
11686 0
11687 0
11688 0
11689 0
11690 0
11691 0
11692 0
13321 0
13322 0
13323 0
13324 0
13325 0
13326 0
13327 0
13328 0
13329 0
13330 0
13331 0
13332 0
13333 0
13334 0
13335 0
13336 0
13337 0
13338 0
13339 0
13340 0
13341 0
13342 0
13343 0
13344 0
13345 0
13346 0
13347 0
13348 0
13349 0
13350 0
13351 0
13352 0
13353 0
13354 0
13355 0
13356 0
13357 0
14986 0
14987 0
14988 0
14989 0
14990 0
14991 0
14992 0
14993 0
14994 0
14995 0
14996 0
14997 0
14998 0
14999 0
15000 0
15001 0
15002 0
15003 0
15004 0
15005 0
15006 0
15007 0
15008 0
15009 0
15010 0
15011 0
15012 0
15013 0
15014 0
15015 0
15016 0
15017 0
15018 0
15019 0
15020 0
15021 0
15022 0
16651 0
16652 0
16653 0
16654 0
16655 0
16656 0
16657 0
16658 0
16659 0
16660 0
16661 0
16662 0
16663 0
16664 0
16665 0
16666 0
16667 0
16668 0
16669 0
16670 0
16671 0
16672 0
16673 0
16674 0
16675 0
16676 0
16677 0
16678 0
16679 0
16680 0
16681 0
16682 0
16683 0
16684 0
16685 0
16686 0
16687 0
18316 0
18317 0
18318 0
18319 0
18320 0
18321 0
18322 0
18323 0
18324 0
18325 0
18326 0
18327 0
18328 0
18329 0
18330 0
18331 0
18332 0
18333 0
18334 0
18335 0
18336 0
18337 0
18338 0
18339 0
18340 0
18341 0
18342 0
18343 0
18344 0
18345 0
18346 0
18347 0
18348 0
18349 0
18350 0
18351 0
18352 0
19981 0
19982 0
19983 0
19984 0
19985 0
19986 0
19987 0
19988 0
19989 0
19990 0
19991 0
19992 0
19993 0
19994 0
19995 0
19996 0
19997 0
19998 0
19999 0
20000 0
20001 0
20002 0
20003 0
20004 0
20005 0
20006 0
20007 0
20008 0
20009 0
20010 0
20011 0
20012 0
20013 0
20014 0
20015 0
20016 0
20017 0
21646 0
21647 0
21648 0
21649 0
21650 0
21651 0
21652 0
21653 0
21654 0
21655 0
21656 0
21657 0
21658 0
21659 0
21660 0
21661 0
21662 0
21663 0
21664 0
21665 0
21666 0
21667 0
21668 0
21669 0
21670 0
21671 0
21672 0
21673 0
21674 0
21675 0
21676 0
21677 0
21678 0
21679 0
21680 0
21681 0
21682 0
23311 0
23312 0
23313 0
23314 0
23315 0
23316 0
23317 0
23318 0
23319 0
23320 0
23321 0
23322 0
23323 0
23324 0
23325 0
23326 0
23327 0
23328 0
23329 0
23330 0
23331 0
23332 0
23333 0
23334 0
23335 0
23336 0
23337 0
23338 0
23339 0
23340 0
23341 0
23342 0
23343 0
23344 0
23345 0
23346 0
23347 0
24976 0
24977 0
24978 0
24979 0
24980 0
24981 0
24982 0
24983 0
24984 0
24985 0
24986 0
24987 0
24988 0
24989 0
24990 0
24991 0
24992 0
24993 0
24994 0
24995 0
24996 0
24997 0
24998 0
24999 0
25000 0
25001 0
25002 0
25003 0
25004 0
25005 0
25006 0
25007 0
25008 0
25009 0
25010 0
25011 0
25012 0
26641 0
26642 0
26643 0
26644 0
26645 0
26646 0
26647 0
26648 0
26649 0
26650 0
26651 0
26652 0
26653 0
26654 0
26655 0
26656 0
26657 0
26658 0
26659 0
26660 0
26661 0
26662 0
26663 0
26664 0
26665 0
26666 0
26667 0
26668 0
26669 0
26670 0
26671 0
26672 0
26673 0
26674 0
26675 0
26676 0
26677 0
28306 0
28307 0
28308 0
28309 0
28310 0
28311 0
28312 0
28313 0
28314 0
28315 0
28316 0
28317 0
28318 0
28319 0
28320 0
28321 0
28322 0
28323 0
28324 0
28325 0
28326 0
28327 0
28328 0
28329 0
28330 0
28331 0
28332 0
28333 0
28334 0
28335 0
28336 0
28337 0
28338 0
28339 0
28340 0
28341 0
28342 0
29971 0
29972 0
29973 0
29974 0
29975 0
29976 0
29977 0
29978 0
29979 0
29980 0
29981 0
29982 0
29983 0
29984 0
29985 0
29986 0
29987 0
29988 0
29989 0
29990 0
29991 0
29992 0
29993 0
29994 0
29995 0
29996 0
29997 0
29998 0
29999 0
30000 0
30001 0
30002 0
30003 0
30004 0
30005 0
30006 0
30007 0
31636 0
31637 0
31638 0
31639 0
31640 0
31641 0
31642 0
31643 0
31644 0
31645 0
31646 0
31647 0
31648 0
31649 0
31650 0
31651 0
31652 0
31653 0
31654 0
31655 0
31656 0
31657 0
31658 0
31659 0
31660 0
31661 0
31662 0
31663 0
31664 0
31665 0
31666 0
31667 0
31668 0
31669 0
31670 0
31671 0
31672 0
33301 0
33302 0
33303 0
33304 0
33305 0
33306 0
33307 0
33308 0
33309 0
33310 0
33311 0
33312 0
33313 0
33314 0
33315 0
33316 0
33317 0
33318 0
33319 0
33320 0
33321 0
33322 0
33323 0
33324 0
33325 0
33326 0
33327 0
33328 0
33329 0
33330 0
33331 0
33332 0
33333 0
33334 0
33335 0
33336 0
33337 0
34966 0
34967 0
34968 0
34969 0
34970 0
34971 0
34972 0
34973 0
34974 0
34975 0
34976 0
34977 0
34978 0
34979 0
34980 0
34981 0
34982 0
34983 0
34984 0
34985 0
34986 0
34987 0
34988 0
34989 0
34990 0
34991 0
34992 0
34993 0
34994 0
34995 0
34996 0
34997 0
34998 0
34999 0
35000 0
35001 0
35002 0
36631 0
36632 0
36633 0
36634 0
36635 0
36636 0
36637 0
36638 0
36639 0
36640 0
36641 0
36642 0
36643 0
36644 0
36645 0
36646 0
36647 0
36648 0
36649 0
36650 0
36651 0
36652 0
36653 0
36654 0
36655 0
36656 0
36657 0
36658 0
36659 0
36660 0
36661 0
36662 0
36663 0
36664 0
36665 0
36666 0
36667 0
38296 0
38297 0
38298 0
38299 0
38300 0
38301 0
38302 0
38303 0
38304 0
38305 0
38306 0
38307 0
38308 0
38309 0
38310 0
38311 0
38312 0
38313 0
38314 0
38315 0
38316 0
38317 0
38318 0
38319 0
38320 0
38321 0
38322 0
38323 0
38324 0
38325 0
38326 0
38327 0
38328 0
38329 0
38330 0
38331 0
38332 0
39961 0
39962 0
39963 0
39964 0
39965 0
39966 0
39967 0
39968 0
39969 0
39970 0
39971 0
39972 0
39973 0
39974 0
39975 0
39976 0
39977 0
39978 0
39979 0
39980 0
39981 0
39982 0
39983 0
39984 0
39985 0
39986 0
39987 0
39988 0
39989 0
39990 0
39991 0
39992 0
39993 0
39994 0
39995 0
39996 0
39997 0
41626 0
41627 0
41628 0
41629 0
41630 0
41631 0
41632 0
41633 0
41634 0
41635 0
41636 0
41637 0
41638 0
41639 0
41640 0
41641 0
41642 0
41643 0
41644 0
41645 0
41646 0
41647 0
41648 0
41649 0
41650 0
41651 0
41652 0
41653 0
41654 0
41655 0
41656 0
41657 0
41658 0
41659 0
41660 0
41661 0
41662 0
43291 0
43292 0
43293 0
43294 0
43295 0
43296 0
43297 0
43298 0
43299 0
43300 0
43301 0
43302 0
43303 0
43304 0
43305 0
43306 0
43307 0
43308 0
43309 0
43310 0
43311 0
43312 0
43313 0
43314 0
43315 0
43316 0
43317 0
43318 0
43319 0
43320 0
43321 0
43322 0
43323 0
43324 0
43325 0
43326 0
43327 0
44956 0
44957 0
44958 0
44959 0
44960 0
44961 0
44962 0
44963 0
44964 0
44965 0
44966 0
44967 0
44968 0
44969 0
44970 0
44971 0
44972 0
44973 0
44974 0
44975 0
44976 0
44977 0
44978 0
44979 0
44980 0
44981 0
44982 0
44983 0
44984 0
44985 0
44986 0
44987 0
44988 0
44989 0
44990 0
44991 0
44992 0
46621 0
46622 0
46623 0
46624 0
46625 0
46626 0
46627 0
46628 0
46629 0
46630 0
46631 0
46632 0
46633 0
46634 0
46635 0
46636 0
46637 0
46638 0
46639 0
46640 0
46641 0
46642 0
46643 0
46644 0
46645 0
46646 0
46647 0
46648 0
46649 0
46650 0
46651 0
46652 0
46653 0
46654 0
46655 0
46656 0
46657 0
48286 0
48287 0
48288 0
48289 0
48290 0
48291 0
48292 0
48293 0
48294 0
48295 0
48296 0
48297 0
48298 0
48299 0
48300 0
48301 0
48302 0
48303 0
48304 0
48305 0
48306 0
48307 0
48308 0
48309 0
48310 0
48311 0
48312 0
48313 0
48314 0
48315 0
48316 0
48317 0
48318 0
48319 0
48320 0
48321 0
48322 0
49951 0
49952 0
49953 0
49954 0
49955 0
49956 0
49957 0
49958 0
49959 0
49960 0
49961 0
49962 0
49963 0
49964 0
49965 0
49966 0
49967 0
49968 0
49969 0
49970 0
49971 0
49972 0
49973 0
49974 0
49975 0
49976 0
49977 0
49978 0
49979 0
49980 0
49981 0
49982 0
49983 0
49984 0
49985 0
49986 0
49987 0
51616 0
51617 0
51618 0
51619 0
51620 0
51621 0
51622 0
51623 0
51624 0
51625 0
51626 0
51627 0
51628 0
51629 0
51630 0
51631 0
51632 0
51633 0
51634 0
51635 0
51636 0
51637 0
51638 0
51639 0
51640 0
51641 0
51642 0
51643 0
51644 0
51645 0
51646 0
51647 0
51648 0
51649 0
51650 0
51651 0
51652 0
53281 0
53282 0
53283 0
53284 0
53285 0
53286 0
53287 0
53288 0
53289 0
53290 0
53291 0
53292 0
53293 0
53294 0
53295 0
53296 0
53297 0
53298 0
53299 0
53300 0
53301 0
53302 0
53303 0
53304 0
53305 0
53306 0
53307 0
53308 0
53309 0
53310 0
53311 0
53312 0
53313 0
53314 0
53315 0
53316 0
53317 0
54946 0
54947 0
54948 0
54949 0
54950 0
54951 0
54952 0
54953 0
54954 0
54955 0
54956 0
54957 0
54958 0
54959 0
54960 0
54961 0
54962 0
54963 0
54964 0
54965 0
54966 0
54967 0
54968 0
54969 0
54970 0
54971 0
54972 0
54973 0
54974 0
54975 0
54976 0
54977 0
54978 0
54979 0
54980 0
54981 0
54982 0
56611 0
56612 0
56613 0
56614 0
56615 0
56616 0
56617 0
56618 0
56619 0
56620 0
56621 0
56622 0
56623 0
56624 0
56625 0
56626 0
56627 0
56628 0
56629 0
56630 0
56631 0
56632 0
56633 0
56634 0
56635 0
56636 0
56637 0
56638 0
56639 0
56640 0
56641 0
56642 0
56643 0
56644 0
56645 0
56646 0
56647 0
58276 0
58277 0
58278 0
58279 0
58280 0
58281 0
58282 0
58283 0
58284 0
58285 0
58286 0
58287 0
58288 0
58289 0
58290 0
58291 0
58292 0
58293 0
58294 0
58295 0
58296 0
58297 0
58298 0
58299 0
58300 0
58301 0
58302 0
58303 0
58304 0
58305 0
58306 0
58307 0
58308 0
58309 0
58310 0
58311 0
58312 0
59941 0
59942 0
59943 0
59944 0
59945 0
59946 0
59947 0
59948 0
59949 0
59950 0
59951 0
59952 0
59953 0
59954 0
59955 0
59956 0
59957 0
59958 0
59959 0
59960 0
59961 0
59962 0
59963 0
59964 0
59965 0
59966 0
59967 0
59968 0
59969 0
59970 0
59971 0
59972 0
59973 0
59974 0
59975 0
59976 0
59977 0
61606 0
61607 0
61608 0
61609 0
61610 0
61611 0
61612 0
61613 0
61614 0
61615 0
61616 0
61617 0
61618 0
61619 0
61620 0
61621 0
61622 0
61623 0
61624 0
61625 0
61626 0
61627 0
61628 0
61629 0
61630 0
61631 0
61632 0
61633 0
61634 0
61635 0
61636 0
61637 0
61638 0
61639 0
61640 0
61641 0
61642 0
63271 0
63272 0
63273 0
63274 0
63275 0
63276 0
63277 0
63278 0
63279 0
63280 0
63281 0
63282 0
63283 0
63284 0
63285 0
63286 0
63287 0
63288 0
63289 0
63290 0
63291 0
63292 0
63293 0
63294 0
63295 0
63296 0
63297 0
63298 0
63299 0
63300 0
63301 0
63302 0
63303 0
63304 0
63305 0
63306 0
63307 0
64936 0
64937 0
64938 0
64939 0
64940 0
64941 0
64942 0
64943 0
64944 0
64945 0
64946 0
64947 0
64948 0
64949 0
64950 0
64951 0
64952 0
64953 0
64954 0
64955 0
64956 0
64957 0
64958 0
64959 0
64960 0
64961 0
64962 0
64963 0
64964 0
64965 0
64966 0
64967 0
64968 0
64969 0
64970 0
64971 0
64972 0
66601 0
66602 0
66603 0
66604 0
66605 0
66606 0
66607 0
66608 0
66609 0
66610 0
66611 0
66612 0
66613 0
66614 0
66615 0
66616 0
66617 0
66618 0
66619 0
66620 0
66621 0
66622 0
66623 0
66624 0
66625 0
66626 0
66627 0
66628 0
66629 0
66630 0
66631 0
66632 0
66633 0
66634 0
66635 0
66636 0
66637 0
68266 0
68267 0
68268 0
68269 0
68270 0
68271 0
68272 0
68273 0
68274 0
68275 0
68276 0
68277 0
68278 0
68279 0
68280 0
68281 0
68282 0
68283 0
68284 0
68285 0
68286 0
68287 0
68288 0
68289 0
68290 0
68291 0
68292 0
68293 0
68294 0
68295 0
68296 0
68297 0
68298 0
68299 0
68300 0
68301 0
68302 0
69931 0
69932 0
69933 0
69934 0
69935 0
69936 0
69937 0
69938 0
69939 0
69940 0
69941 0
69942 0
69943 0
69944 0
69945 0
69946 0
69947 0
69948 0
69949 0
69950 0
69951 0
69952 0
69953 0
69954 0
69955 0
69956 0
69957 0
69958 0
69959 0
69960 0
69961 0
69962 0
69963 0
69964 0
69965 0
69966 0
69967 0
71596 0
71597 0
71598 0
71599 0
71600 0
71601 0
71602 0
71603 0
71604 0
71605 0
71606 0
71607 0
71608 0
71609 0
71610 0
71611 0
71612 0
71613 0
71614 0
71615 0
71616 0
71617 0
71618 0
71619 0
71620 0
71621 0
71622 0
71623 0
71624 0
71625 0
71626 0
71627 0
71628 0
71629 0
71630 0
71631 0
71632 0
73261 0
73262 0
73263 0
73264 0
73265 0
73266 0
73267 0
73268 0
73269 0
73270 0
73271 0
73272 0
73273 0
73274 0
73275 0
73276 0
73277 0
73278 0
73279 0
73280 0
73281 0
73282 0
73283 0
73284 0
73285 0
73286 0
73287 0
73288 0
73289 0
73290 0
73291 0
73292 0
73293 0
73294 0
73295 0
73296 0
73297 0
74926 0
74927 0
74928 0
74929 0
74930 0
74931 0
74932 0
74933 0
74934 0
74935 0
74936 0
74937 0
74938 0
74939 0
74940 0
74941 0
74942 0
74943 0
74944 0
74945 0
74946 0
74947 0
74948 0
74949 0
74950 0
74951 0
74952 0
74953 0
74954 0
74955 0
74956 0
74957 0
74958 0
74959 0
74960 0
74961 0
74962 0
76591 0
76592 0
76593 0
76594 0
76595 0
76596 0
76597 0
76598 0
76599 0
76600 0
76601 0
76602 0
76603 0
76604 0
76605 0
76606 0
76607 0
76608 0
76609 0
76610 0
76611 0
76612 0
76613 0
76614 0
76615 0
76616 0
76617 0
76618 0
76619 0
76620 0
76621 0
76622 0
76623 0
76624 0
76625 0
76626 0
76627 0
78256 0
78257 0
78258 0
78259 0
78260 0
78261 0
78262 0
78263 0
78264 0
78265 0
78266 0
78267 0
78268 0
78269 0
78270 0
78271 0
78272 0
78273 0
78274 0
78275 0
78276 0
78277 0
78278 0
78279 0
78280 0
78281 0
78282 0
78283 0
78284 0
78285 0
78286 0
78287 0
78288 0
78289 0
78290 0
78291 0
78292 0

37 0
74 0
111 0
148 0
185 0
222 0
259 0
296 0
333 0
370 0
407 0
444 0
481 0
518 0
555 0
592 0
629 0
666 0
703 0
740 0
777 0
814 0
851 0
888 0
925 0
962 0
999 0
1036 0
1073 0
1110 0
1147 0
1184 0
1221 0
1258 0
1295 0
1332 0
1369 0
1406 0
1443 0
1480 0
1517 0
1554 0
1591 0
1628 0
1665 0
1702 0
1739 0
1776 0
1813 0
1850 0
1887 0
1924 0
1961 0
1998 0
2035 0
2072 0
2109 0
2146 0
2183 0
2220 0
2257 0
2294 0
2331 0
2368 0
2405 0
2442 0
2479 0
2516 0
2553 0
2590 0
2627 0
2664 0
2701 0
2738 0
2775 0
2812 0
2849 0
2886 0
2923 0
2960 0
2997 0
3034 0
3071 0
3108 0
3145 0
3182 0
3219 0
3256 0
3293 0
3330 0
3367 0
3404 0
3441 0
3478 0
3515 0
3552 0
3589 0
3626 0
3663 0
3700 0
3737 0
3774 0
3811 0
3848 0
3885 0
3922 0
3959 0
3996 0
4033 0
4070 0
4107 0
4144 0
4181 0
4218 0
4255 0
4292 0
4329 0
4366 0
4403 0
4440 0
4477 0
4514 0
4551 0
4588 0
4625 0
4662 0
4699 0
4736 0
4773 0
4810 0
4847 0
4884 0
4921 0
4958 0
4995 0
5032 0
5069 0
5106 0
5143 0
5180 0
5217 0
5254 0
5291 0
5328 0
5365 0
5402 0
5439 0
5476 0
5513 0
5550 0
5587 0
5624 0
5661 0
5698 0
5735 0
5772 0
5809 0
5846 0
5883 0
5920 0
5957 0
5994 0
6031 0
6068 0
6105 0
6142 0
6179 0
6216 0
6253 0
6290 0
6327 0
6364 0
6401 0
6438 0
6475 0
6512 0
6549 0
6586 0
6623 0
6660 0
6697 0
6734 0
6771 0
6808 0
6845 0
6882 0
6919 0
6956 0
6993 0
7030 0
7067 0
7104 0
7141 0
7178 0
7215 0
7252 0
7289 0
7326 0
7363 0
7400 0
7437 0
7474 0
7511 0
7548 0
7585 0
7622 0
7659 0
7696 0
7733 0
7770 0
7807 0
7844 0
7881 0
7918 0
7955 0
7992 0
8029 0
8066 0
8103 0
8140 0
8177 0
8214 0
8251 0
8288 0
8325 0
8362 0
8399 0
8436 0
8473 0
8510 0
8547 0
8584 0
8621 0
8658 0
8695 0
8732 0
8769 0
8806 0
8843 0
8880 0
8917 0
8954 0
8991 0
9028 0
9065 0
9102 0
9139 0
9176 0
9213 0
9250 0
9287 0
9324 0
9361 0
9398 0
9435 0
9472 0
9509 0
9546 0
9583 0
9620 0
9657 0
9694 0
9731 0
9768 0
9805 0
9842 0
9879 0
9916 0
9953 0
9990 0
10027 0
10064 0
10101 0
10138 0
10175 0
10212 0
10249 0
10286 0
10323 0
10360 0
10397 0
10434 0
10471 0
10508 0
10545 0
10582 0
10619 0
10656 0
10693 0
10730 0
10767 0
10804 0
10841 0
10878 0
10915 0
10952 0
10989 0
11026 0
11063 0
11100 0
11137 0
11174 0
11211 0
11248 0
11285 0
11322 0
11359 0
11396 0
11433 0
11470 0
11507 0
11544 0
11581 0
11618 0
11655 0
11692 0
11729 0
11766 0
11803 0
11840 0
11877 0
11914 0
11951 0
11988 0
12025 0
12062 0
12099 0
12136 0
12173 0
12210 0
12247 0
12284 0
12321 0
12358 0
12395 0
12432 0
12469 0
12506 0
12543 0
12580 0
12617 0
12654 0
12691 0
12728 0
12765 0
12802 0
12839 0
12876 0
12913 0
12950 0
12987 0
13024 0
13061 0
13098 0
13135 0
13172 0
13209 0
13246 0
13283 0
13320 0
13357 0
13394 0
13431 0
13468 0
13505 0
13542 0
13579 0
13616 0
13653 0
13690 0
13727 0
13764 0
13801 0
13838 0
13875 0
13912 0
13949 0
13986 0
14023 0
14060 0
14097 0
14134 0
14171 0
14208 0
14245 0
14282 0
14319 0
14356 0
14393 0
14430 0
14467 0
14504 0
14541 0
14578 0
14615 0
14652 0
14689 0
14726 0
14763 0
14800 0
14837 0
14874 0
14911 0
14948 0
14985 0
15022 0
15059 0
15096 0
15133 0
15170 0
15207 0
15244 0
15281 0
15318 0
15355 0
15392 0
15429 0
15466 0
15503 0
15540 0
15577 0
15614 0
15651 0
15688 0
15725 0
15762 0
15799 0
15836 0
15873 0
15910 0
15947 0
15984 0
16021 0
16058 0
16095 0
16132 0
16169 0
16206 0
16243 0
16280 0
16317 0
16354 0
16391 0
16428 0
16465 0
16502 0
16539 0
16576 0
16613 0
16650 0
16687 0
16724 0
16761 0
16798 0
16835 0
16872 0
16909 0
16946 0
16983 0
17020 0
17057 0
17094 0
17131 0
17168 0
17205 0
17242 0
17279 0
17316 0
17353 0
17390 0
17427 0
17464 0
17501 0
17538 0
17575 0
17612 0
17649 0
17686 0
17723 0
17760 0
17797 0
17834 0
17871 0
17908 0
17945 0
17982 0
18019 0
18056 0
18093 0
18130 0
18167 0
18204 0
18241 0
18278 0
18315 0
18352 0
18389 0
18426 0
18463 0
18500 0
18537 0
18574 0
18611 0
18648 0
18685 0
18722 0
18759 0
18796 0
18833 0
18870 0
18907 0
18944 0
18981 0
19018 0
19055 0
19092 0
19129 0
19166 0
19203 0
19240 0
19277 0
19314 0
19351 0
19388 0
19425 0
19462 0
19499 0
19536 0
19573 0
19610 0
19647 0
19684 0
19721 0
19758 0
19795 0
19832 0
19869 0
19906 0
19943 0
19980 0
20017 0
20054 0
20091 0
20128 0
20165 0
20202 0
20239 0
20276 0
20313 0
20350 0
20387 0
20424 0
20461 0
20498 0
20535 0
20572 0
20609 0
20646 0
20683 0
20720 0
20757 0
20794 0
20831 0
20868 0
20905 0
20942 0
20979 0
21016 0
21053 0
21090 0
21127 0
21164 0
21201 0
21238 0
21275 0
21312 0
21349 0
21386 0
21423 0
21460 0
21497 0
21534 0
21571 0
21608 0
21645 0
21682 0
21719 0
21756 0
21793 0
21830 0
21867 0
21904 0
21941 0
21978 0
22015 0
22052 0
22089 0
22126 0
22163 0
22200 0
22237 0
22274 0
22311 0
22348 0
22385 0
22422 0
22459 0
22496 0
22533 0
22570 0
22607 0
22644 0
22681 0
22718 0
22755 0
22792 0
22829 0
22866 0
22903 0
22940 0
22977 0
23014 0
23051 0
23088 0
23125 0
23162 0
23199 0
23236 0
23273 0
23310 0
23347 0
23384 0
23421 0
23458 0
23495 0
23532 0
23569 0
23606 0
23643 0
23680 0
23717 0
23754 0
23791 0
23828 0
23865 0
23902 0
23939 0
23976 0
24013 0
24050 0
24087 0
24124 0
24161 0
24198 0
24235 0
24272 0
24309 0
24346 0
24383 0
24420 0
24457 0
24494 0
24531 0
24568 0
24605 0
24642 0
24679 0
24716 0
24753 0
24790 0
24827 0
24864 0
24901 0
24938 0
24975 0
25012 0
25049 0
25086 0
25123 0
25160 0
25197 0
25234 0
25271 0
25308 0
25345 0
25382 0
25419 0
25456 0
25493 0
25530 0
25567 0
25604 0
25641 0
25678 0
25715 0
25752 0
25789 0
25826 0
25863 0
25900 0
25937 0
25974 0
26011 0
26048 0
26085 0
26122 0
26159 0
26196 0
26233 0
26270 0
26307 0
26344 0
26381 0
26418 0
26455 0
26492 0
26529 0
26566 0
26603 0
26640 0
26677 0
26714 0
26751 0
26788 0
26825 0
26862 0
26899 0
26936 0
26973 0
27010 0
27047 0
27084 0
27121 0
27158 0
27195 0
27232 0
27269 0
27306 0
27343 0
27380 0
27417 0
27454 0
27491 0
27528 0
27565 0
27602 0
27639 0
27676 0
27713 0
27750 0
27787 0
27824 0
27861 0
27898 0
27935 0
27972 0
28009 0
28046 0
28083 0
28120 0
28157 0
28194 0
28231 0
28268 0
28305 0
28342 0
28379 0
28416 0
28453 0
28490 0
28527 0
28564 0
28601 0
28638 0
28675 0
28712 0
28749 0
28786 0
28823 0
28860 0
28897 0
28934 0
28971 0
29008 0
29045 0
29082 0
29119 0
29156 0
29193 0
29230 0
29267 0
29304 0
29341 0
29378 0
29415 0
29452 0
29489 0
29526 0
29563 0
29600 0
29637 0
29674 0
29711 0
29748 0
29785 0
29822 0
29859 0
29896 0
29933 0
29970 0
30007 0
30044 0
30081 0
30118 0
30155 0
30192 0
30229 0
30266 0
30303 0
30340 0
30377 0
30414 0
30451 0
30488 0
30525 0
30562 0
30599 0
30636 0
30673 0
30710 0
30747 0
30784 0
30821 0
30858 0
30895 0
30932 0
30969 0
31006 0
31043 0
31080 0
31117 0
31154 0
31191 0
31228 0
31265 0
31302 0
31339 0
31376 0
31413 0
31450 0
31487 0
31524 0
31561 0
31598 0
31635 0
31672 0
31709 0
31746 0
31783 0
31820 0
31857 0
31894 0
31931 0
31968 0
32005 0
32042 0
32079 0
32116 0
32153 0
32190 0
32227 0
32264 0
32301 0
32338 0
32375 0
32412 0
32449 0
32486 0
32523 0
32560 0
32597 0
32634 0
32671 0
32708 0
32745 0
32782 0
32819 0
32856 0
32893 0
32930 0
32967 0
33004 0
33041 0
33078 0
33115 0
33152 0
33189 0
33226 0
33263 0
33300 0
33337 0
33374 0
33411 0
33448 0
33485 0
33522 0
33559 0
33596 0
33633 0
33670 0
33707 0
33744 0
33781 0
33818 0
33855 0
33892 0
33929 0
33966 0
34003 0
34040 0
34077 0
34114 0
34151 0
34188 0
34225 0
34262 0
34299 0
34336 0
34373 0
34410 0
34447 0
34484 0
34521 0
34558 0
34595 0
34632 0
34669 0
34706 0
34743 0
34780 0
34817 0
34854 0
34891 0
34928 0
34965 0
35002 0
35039 0
35076 0
35113 0
35150 0
35187 0
35224 0
35261 0
35298 0
35335 0
35372 0
35409 0
35446 0
35483 0
35520 0
35557 0
35594 0
35631 0
35668 0
35705 0
35742 0
35779 0
35816 0
35853 0
35890 0
35927 0
35964 0
36001 0
36038 0
36075 0
36112 0
36149 0
36186 0
36223 0
36260 0
36297 0
36334 0
36371 0
36408 0
36445 0
36482 0
36519 0
36556 0
36593 0
36630 0
36667 0
36704 0
36741 0
36778 0
36815 0
36852 0
36889 0
36926 0
36963 0
37000 0
37037 0
37074 0
37111 0
37148 0
37185 0
37222 0
37259 0
37296 0
37333 0
37370 0
37407 0
37444 0
37481 0
37518 0
37555 0
37592 0
37629 0
37666 0
37703 0
37740 0
37777 0
37814 0
37851 0
37888 0
37925 0
37962 0
37999 0
38036 0
38073 0
38110 0
38147 0
38184 0
38221 0
38258 0
38295 0
38332 0
38369 0
38406 0
38443 0
38480 0
38517 0
38554 0
38591 0
38628 0
38665 0
38702 0
38739 0
38776 0
38813 0
38850 0
38887 0
38924 0
38961 0
38998 0
39035 0
39072 0
39109 0
39146 0
39183 0
39220 0
39257 0
39294 0
39331 0
39368 0
39405 0
39442 0
39479 0
39516 0
39553 0
39590 0
39627 0
39664 0
39701 0
39738 0
39775 0
39812 0
39849 0
39886 0
39923 0
39960 0
39997 0
40034 0
40071 0
40108 0
40145 0
40182 0
40219 0
40256 0
40293 0
40330 0
40367 0
40404 0
40441 0
40478 0
40515 0
40552 0
40589 0
40626 0
40663 0
40700 0
40737 0
40774 0
40811 0
40848 0
40885 0
40922 0
40959 0
40996 0
41033 0
41070 0
41107 0
41144 0
41181 0
41218 0
41255 0
41292 0
41329 0
41366 0
41403 0
41440 0
41477 0
41514 0
41551 0
41588 0
41625 0
41662 0
41699 0
41736 0
41773 0
41810 0
41847 0
41884 0
41921 0
41958 0
41995 0
42032 0
42069 0
42106 0
42143 0
42180 0
42217 0
42254 0
42291 0
42328 0
42365 0
42402 0
42439 0
42476 0
42513 0
42550 0
42587 0
42624 0
42661 0
42698 0
42735 0
42772 0
42809 0
42846 0
42883 0
42920 0
42957 0
42994 0
43031 0
43068 0
43105 0
43142 0
43179 0
43216 0
43253 0
43290 0
43327 0
43364 0
43401 0
43438 0
43475 0
43512 0
43549 0
43586 0
43623 0
43660 0
43697 0
43734 0
43771 0
43808 0
43845 0
43882 0
43919 0
43956 0
43993 0
44030 0
44067 0
44104 0
44141 0
44178 0
44215 0
44252 0
44289 0
44326 0
44363 0
44400 0
44437 0
44474 0
44511 0
44548 0
44585 0
44622 0
44659 0
44696 0
44733 0
44770 0
44807 0
44844 0
44881 0
44918 0
44955 0
44992 0
45029 0
45066 0
45103 0
45140 0
45177 0
45214 0
45251 0
45288 0
45325 0
45362 0
45399 0
45436 0
45473 0
45510 0
45547 0
45584 0
45621 0
45658 0
45695 0
45732 0
45769 0
45806 0
45843 0
45880 0
45917 0
45954 0
45991 0
46028 0
46065 0
46102 0
46139 0
46176 0
46213 0
46250 0
46287 0
46324 0
46361 0
46398 0
46435 0
46472 0
46509 0
46546 0
46583 0
46620 0
46657 0
46694 0
46731 0
46768 0
46805 0
46842 0
46879 0
46916 0
46953 0
46990 0
47027 0
47064 0
47101 0
47138 0
47175 0
47212 0
47249 0
47286 0
47323 0
47360 0
47397 0
47434 0
47471 0
47508 0
47545 0
47582 0
47619 0
47656 0
47693 0
47730 0
47767 0
47804 0
47841 0
47878 0
47915 0
47952 0
47989 0
48026 0
48063 0
48100 0
48137 0
48174 0
48211 0
48248 0
48285 0
48322 0
48359 0
48396 0
48433 0
48470 0
48507 0
48544 0
48581 0
48618 0
48655 0
48692 0
48729 0
48766 0
48803 0
48840 0
48877 0
48914 0
48951 0
48988 0
49025 0
49062 0
49099 0
49136 0
49173 0
49210 0
49247 0
49284 0
49321 0
49358 0
49395 0
49432 0
49469 0
49506 0
49543 0
49580 0
49617 0
49654 0
49691 0
49728 0
49765 0
49802 0
49839 0
49876 0
49913 0
49950 0
49987 0
50024 0
50061 0
50098 0
50135 0
50172 0
50209 0
50246 0
50283 0
50320 0
50357 0
50394 0
50431 0
50468 0
50505 0
50542 0
50579 0
50616 0
50653 0
50690 0
50727 0
50764 0
50801 0
50838 0
50875 0
50912 0
50949 0
50986 0
51023 0
51060 0
51097 0
51134 0
51171 0
51208 0
51245 0
51282 0
51319 0
51356 0
51393 0
51430 0
51467 0
51504 0
51541 0
51578 0
51615 0
51652 0
51689 0
51726 0
51763 0
51800 0
51837 0
51874 0
51911 0
51948 0
51985 0
52022 0
52059 0
52096 0
52133 0
52170 0
52207 0
52244 0
52281 0
52318 0
52355 0
52392 0
52429 0
52466 0
52503 0
52540 0
52577 0
52614 0
52651 0
52688 0
52725 0
52762 0
52799 0
52836 0
52873 0
52910 0
52947 0
52984 0
53021 0
53058 0
53095 0
53132 0
53169 0
53206 0
53243 0
53280 0
53317 0
53354 0
53391 0
53428 0
53465 0
53502 0
53539 0
53576 0
53613 0
53650 0
53687 0
53724 0
53761 0
53798 0
53835 0
53872 0
53909 0
53946 0
53983 0
54020 0
54057 0
54094 0
54131 0
54168 0
54205 0
54242 0
54279 0
54316 0
54353 0
54390 0
54427 0
54464 0
54501 0
54538 0
54575 0
54612 0
54649 0
54686 0
54723 0
54760 0
54797 0
54834 0
54871 0
54908 0
54945 0
54982 0
55019 0
55056 0
55093 0
55130 0
55167 0
55204 0
55241 0
55278 0
55315 0
55352 0
55389 0
55426 0
55463 0
55500 0
55537 0
55574 0
55611 0
55648 0
55685 0
55722 0
55759 0
55796 0
55833 0
55870 0
55907 0
55944 0
55981 0
56018 0
56055 0
56092 0
56129 0
56166 0
56203 0
56240 0
56277 0
56314 0
56351 0
56388 0
56425 0
56462 0
56499 0
56536 0
56573 0
56610 0
56647 0
56684 0
56721 0
56758 0
56795 0
56832 0
56869 0
56906 0
56943 0
56980 0
57017 0
57054 0
57091 0
57128 0
57165 0
57202 0
57239 0
57276 0
57313 0
57350 0
57387 0
57424 0
57461 0
57498 0
57535 0
57572 0
57609 0
57646 0
57683 0
57720 0
57757 0
57794 0
57831 0
57868 0
57905 0
57942 0
57979 0
58016 0
58053 0
58090 0
58127 0
58164 0
58201 0
58238 0
58275 0
58312 0
58349 0
58386 0
58423 0
58460 0
58497 0
58534 0
58571 0
58608 0
58645 0
58682 0
58719 0
58756 0
58793 0
58830 0
58867 0
58904 0
58941 0
58978 0
59015 0
59052 0
59089 0
59126 0
59163 0
59200 0
59237 0
59274 0
59311 0
59348 0
59385 0
59422 0
59459 0
59496 0
59533 0
59570 0
59607 0
59644 0
59681 0
59718 0
59755 0
59792 0
59829 0
59866 0
59903 0
59940 0
59977 0
60014 0
60051 0
60088 0
60125 0
60162 0
60199 0
60236 0
60273 0
60310 0
60347 0
60384 0
60421 0
60458 0
60495 0
60532 0
60569 0
60606 0
60643 0
60680 0
60717 0
60754 0
60791 0
60828 0
60865 0
60902 0
60939 0
60976 0
61013 0
61050 0
61087 0
61124 0
61161 0
61198 0
61235 0
61272 0
61309 0
61346 0
61383 0
61420 0
61457 0
61494 0
61531 0
61568 0
61605 0
61642 0
61679 0
61716 0
61753 0
61790 0
61827 0
61864 0
61901 0
61938 0
61975 0
62012 0
62049 0
62086 0
62123 0
62160 0
62197 0
62234 0
62271 0
62308 0
62345 0
62382 0
62419 0
62456 0
62493 0
62530 0
62567 0
62604 0
62641 0
62678 0
62715 0
62752 0
62789 0
62826 0
62863 0
62900 0
62937 0
62974 0
63011 0
63048 0
63085 0
63122 0
63159 0
63196 0
63233 0
63270 0
63307 0
63344 0
63381 0
63418 0
63455 0
63492 0
63529 0
63566 0
63603 0
63640 0
63677 0
63714 0
63751 0
63788 0
63825 0
63862 0
63899 0
63936 0
63973 0
64010 0
64047 0
64084 0
64121 0
64158 0
64195 0
64232 0
64269 0
64306 0
64343 0
64380 0
64417 0
64454 0
64491 0
64528 0
64565 0
64602 0
64639 0
64676 0
64713 0
64750 0
64787 0
64824 0
64861 0
64898 0
64935 0
64972 0
65009 0
65046 0
65083 0
65120 0
65157 0
65194 0
65231 0
65268 0
65305 0
65342 0
65379 0
65416 0
65453 0
65490 0
65527 0
65564 0
65601 0
65638 0
65675 0
65712 0
65749 0
65786 0
65823 0
65860 0
65897 0
65934 0
65971 0
66008 0
66045 0
66082 0
66119 0
66156 0
66193 0
66230 0
66267 0
66304 0
66341 0
66378 0
66415 0
66452 0
66489 0
66526 0
66563 0
66600 0
66637 0
66674 0
66711 0
66748 0
66785 0
66822 0
66859 0
66896 0
66933 0
66970 0
67007 0
67044 0
67081 0
67118 0
67155 0
67192 0
67229 0
67266 0
67303 0
67340 0
67377 0
67414 0
67451 0
67488 0
67525 0
67562 0
67599 0
67636 0
67673 0
67710 0
67747 0
67784 0
67821 0
67858 0
67895 0
67932 0
67969 0
68006 0
68043 0
68080 0
68117 0
68154 0
68191 0
68228 0
68265 0
68302 0
68339 0
68376 0
68413 0
68450 0
68487 0
68524 0
68561 0
68598 0
68635 0
68672 0
68709 0
68746 0
68783 0
68820 0
68857 0
68894 0
68931 0
68968 0
69005 0
69042 0
69079 0
69116 0
69153 0
69190 0
69227 0
69264 0
69301 0
69338 0
69375 0
69412 0
69449 0
69486 0
69523 0
69560 0
69597 0
69634 0
69671 0
69708 0
69745 0
69782 0
69819 0
69856 0
69893 0
69930 0
69967 0
70004 0
70041 0
70078 0
70115 0
70152 0
70189 0
70226 0
70263 0
70300 0
70337 0
70374 0
70411 0
70448 0
70485 0
70522 0
70559 0
70596 0
70633 0
70670 0
70707 0
70744 0
70781 0
70818 0
70855 0
70892 0
70929 0
70966 0
71003 0
71040 0
71077 0
71114 0
71151 0
71188 0
71225 0
71262 0
71299 0
71336 0
71373 0
71410 0
71447 0
71484 0
71521 0
71558 0
71595 0
71632 0
71669 0
71706 0
71743 0
71780 0
71817 0
71854 0
71891 0
71928 0
71965 0
72002 0
72039 0
72076 0
72113 0
72150 0
72187 0
72224 0
72261 0
72298 0
72335 0
72372 0
72409 0
72446 0
72483 0
72520 0
72557 0
72594 0
72631 0
72668 0
72705 0
72742 0
72779 0
72816 0
72853 0
72890 0
72927 0
72964 0
73001 0
73038 0
73075 0
73112 0
73149 0
73186 0
73223 0
73260 0
73297 0
73334 0
73371 0
73408 0
73445 0
73482 0
73519 0
73556 0
73593 0
73630 0
73667 0
73704 0
73741 0
73778 0
73815 0
73852 0
73889 0
73926 0
73963 0
74000 0
74037 0
74074 0
74111 0
74148 0
74185 0
74222 0
74259 0
74296 0
74333 0
74370 0
74407 0
74444 0
74481 0
74518 0
74555 0
74592 0
74629 0
74666 0
74703 0
74740 0
74777 0
74814 0
74851 0
74888 0
74925 0
74962 0
74999 0
75036 0
75073 0
75110 0
75147 0
75184 0
75221 0
75258 0
75295 0
75332 0
75369 0
75406 0
75443 0
75480 0
75517 0
75554 0
75591 0
75628 0
75665 0
75702 0
75739 0
75776 0
75813 0
75850 0
75887 0
75924 0
75961 0
75998 0
76035 0
76072 0
76109 0
76146 0
76183 0
76220 0
76257 0
76294 0
76331 0
76368 0
76405 0
76442 0
76479 0
76516 0
76553 0
76590 0
76627 0
76664 0
76701 0
76738 0
76775 0
76812 0
76849 0
76886 0
76923 0
76960 0
76997 0
77034 0
77071 0
77108 0
77145 0
77182 0
77219 0
77256 0
77293 0
77330 0
77367 0
77404 0
77441 0
77478 0
77515 0
77552 0
77589 0
77626 0
77663 0
77700 0
77737 0
77774 0
77811 0
77848 0
77885 0
77922 0
77959 0
77996 0
78033 0
78070 0
78107 0
78144 0
78181 0
78218 0
78255 0
78292 0
78329 0
78366 0
78403 0
78440 0
78477 0
78514 0
78551 0
78588 0
78625 0
78662 0
78699 0
78736 0
78773 0
78810 0
78847 0
78884 0
78921 0
78958 0
78995 0
79032 0
79069 0
79106 0
79143 0
79180 0
79217 0
79254 0
79291 0
79328 0
79365 0
79402 0
79439 0
79476 0
79513 0
79550 0
79587 0
79624 0
79661 0
79698 0
79735 0
79772 0
79809 0
79846 0
79883 0
79920 0

1629 0
1630 0
1631 0
1632 0
1633 0
1634 0
1635 0
1636 0
1637 0
1638 0
1639 0
1640 0
1641 0
1642 0
1643 0
1644 0
1645 0
1646 0
1647 0
1648 0
1649 0
1650 0
1651 0
1652 0
1653 0
1654 0
1655 0
1656 0
1657 0
1658 0
1659 0
1660 0
1661 0
1662 0
1663 0
1664 0
1665 0
3294 0
3295 0
3296 0
3297 0
3298 0
3299 0
3300 0
3301 0
3302 0
3303 0
3304 0
3305 0
3306 0
3307 0
3308 0
3309 0
3310 0
3311 0
3312 0
3313 0
3314 0
3315 0
3316 0
3317 0
3318 0
3319 0
3320 0
3321 0
3322 0
3323 0
3324 0
3325 0
3326 0
3327 0
3328 0
3329 0
3330 0
4959 0
4960 0
4961 0
4962 0
4963 0
4964 0
4965 0
4966 0
4967 0
4968 0
4969 0
4970 0
4971 0
4972 0
4973 0
4974 0
4975 0
4976 0
4977 0
4978 0
4979 0
4980 0
4981 0
4982 0
4983 0
4984 0
4985 0
4986 0
4987 0
4988 0
4989 0
4990 0
4991 0
4992 0
4993 0
4994 0
4995 0
6624 0
6625 0
6626 0
6627 0
6628 0
6629 0
6630 0
6631 0
6632 0
6633 0
6634 0
6635 0
6636 0
6637 0
6638 0
6639 0
6640 0
6641 0
6642 0
6643 0
6644 0
6645 0
6646 0
6647 0
6648 0
6649 0
6650 0
6651 0
6652 0
6653 0
6654 0
6655 0
6656 0
6657 0
6658 0
6659 0
6660 0
8289 0
8290 0
8291 0
8292 0
8293 0
8294 0
8295 0
8296 0
8297 0
8298 0
8299 0
8300 0
8301 0
8302 0
8303 0
8304 0
8305 0
8306 0
8307 0
8308 0
8309 0
8310 0
8311 0
8312 0
8313 0
8314 0
8315 0
8316 0
8317 0
8318 0
8319 0
8320 0
8321 0
8322 0
8323 0
8324 0
8325 0
9954 0
9955 0
9956 0
9957 0
9958 0
9959 0
9960 0
9961 0
9962 0
9963 0
9964 0
9965 0
9966 0
9967 0
9968 0
9969 0
9970 0
9971 0
9972 0
9973 0
9974 0
9975 0
9976 0
9977 0
9978 0
9979 0
9980 0
9981 0
9982 0
9983 0
9984 0
9985 0
9986 0
9987 0
9988 0
9989 0
9990 0
11619 0
11620 0
11621 0
11622 0
11623 0
11624 0
11625 0
11626 0
11627 0
11628 0
11629 0
11630 0
11631 0
11632 0
11633 0
11634 0
11635 0
11636 0
11637 0
11638 0
11639 0
11640 0
11641 0
11642 0
11643 0
11644 0
11645 0
11646 0
11647 0
11648 0
11649 0
11650 0
11651 0
11652 0
11653 0
11654 0
11655 0
13284 0
13285 0
13286 0
13287 0
13288 0
13289 0
13290 0
13291 0
13292 0
13293 0
13294 0
13295 0
13296 0
13297 0
13298 0
13299 0
13300 0
13301 0
13302 0
13303 0
13304 0
13305 0
13306 0
13307 0
13308 0
13309 0
13310 0
13311 0
13312 0
13313 0
13314 0
13315 0
13316 0
13317 0
13318 0
13319 0
13320 0
14949 0
14950 0
14951 0
14952 0
14953 0
14954 0
14955 0
14956 0
14957 0
14958 0
14959 0
14960 0
14961 0
14962 0
14963 0
14964 0
14965 0
14966 0
14967 0
14968 0
14969 0
14970 0
14971 0
14972 0
14973 0
14974 0
14975 0
14976 0
14977 0
14978 0
14979 0
14980 0
14981 0
14982 0
14983 0
14984 0
14985 0
16614 0
16615 0
16616 0
16617 0
16618 0
16619 0
16620 0
16621 0
16622 0
16623 0
16624 0
16625 0
16626 0
16627 0
16628 0
16629 0
16630 0
16631 0
16632 0
16633 0
16634 0
16635 0
16636 0
16637 0
16638 0
16639 0
16640 0
16641 0
16642 0
16643 0
16644 0
16645 0
16646 0
16647 0
16648 0
16649 0
16650 0
18279 0
18280 0
18281 0
18282 0
18283 0
18284 0
18285 0
18286 0
18287 0
18288 0
18289 0
18290 0
18291 0
18292 0
18293 0
18294 0
18295 0
18296 0
18297 0
18298 0
18299 0
18300 0
18301 0
18302 0
18303 0
18304 0
18305 0
18306 0
18307 0
18308 0
18309 0
18310 0
18311 0
18312 0
18313 0
18314 0
18315 0
19944 0
19945 0
19946 0
19947 0
19948 0
19949 0
19950 0
19951 0
19952 0
19953 0
19954 0
19955 0
19956 0
19957 0
19958 0
19959 0
19960 0
19961 0
19962 0
19963 0
19964 0
19965 0
19966 0
19967 0
19968 0
19969 0
19970 0
19971 0
19972 0
19973 0
19974 0
19975 0
19976 0
19977 0
19978 0
19979 0
19980 0
21609 0
21610 0
21611 0
21612 0
21613 0
21614 0
21615 0
21616 0
21617 0
21618 0
21619 0
21620 0
21621 0
21622 0
21623 0
21624 0
21625 0
21626 0
21627 0
21628 0
21629 0
21630 0
21631 0
21632 0
21633 0
21634 0
21635 0
21636 0
21637 0
21638 0
21639 0
21640 0
21641 0
21642 0
21643 0
21644 0
21645 0
23274 0
23275 0
23276 0
23277 0
23278 0
23279 0
23280 0
23281 0
23282 0
23283 0
23284 0
23285 0
23286 0
23287 0
23288 0
23289 0
23290 0
23291 0
23292 0
23293 0
23294 0
23295 0
23296 0
23297 0
23298 0
23299 0
23300 0
23301 0
23302 0
23303 0
23304 0
23305 0
23306 0
23307 0
23308 0
23309 0
23310 0
24939 0
24940 0
24941 0
24942 0
24943 0
24944 0
24945 0
24946 0
24947 0
24948 0
24949 0
24950 0
24951 0
24952 0
24953 0
24954 0
24955 0
24956 0
24957 0
24958 0
24959 0
24960 0
24961 0
24962 0
24963 0
24964 0
24965 0
24966 0
24967 0
24968 0
24969 0
24970 0
24971 0
24972 0
24973 0
24974 0
24975 0
26604 0
26605 0
26606 0
26607 0
26608 0
26609 0
26610 0
26611 0
26612 0
26613 0
26614 0
26615 0
26616 0
26617 0
26618 0
26619 0
26620 0
26621 0
26622 0
26623 0
26624 0
26625 0
26626 0
26627 0
26628 0
26629 0
26630 0
26631 0
26632 0
26633 0
26634 0
26635 0
26636 0
26637 0
26638 0
26639 0
26640 0
28269 0
28270 0
28271 0
28272 0
28273 0
28274 0
28275 0
28276 0
28277 0
28278 0
28279 0
28280 0
28281 0
28282 0
28283 0
28284 0
28285 0
28286 0
28287 0
28288 0
28289 0
28290 0
28291 0
28292 0
28293 0
28294 0
28295 0
28296 0
28297 0
28298 0
28299 0
28300 0
28301 0
28302 0
28303 0
28304 0
28305 0
29934 0
29935 0
29936 0
29937 0
29938 0
29939 0
29940 0
29941 0
29942 0
29943 0
29944 0
29945 0
29946 0
29947 0
29948 0
29949 0
29950 0
29951 0
29952 0
29953 0
29954 0
29955 0
29956 0
29957 0
29958 0
29959 0
29960 0
29961 0
29962 0
29963 0
29964 0
29965 0
29966 0
29967 0
29968 0
29969 0
29970 0
31599 0
31600 0
31601 0
31602 0
31603 0
31604 0
31605 0
31606 0
31607 0
31608 0
31609 0
31610 0
31611 0
31612 0
31613 0
31614 0
31615 0
31616 0
31617 0
31618 0
31619 0
31620 0
31621 0
31622 0
31623 0
31624 0
31625 0
31626 0
31627 0
31628 0
31629 0
31630 0
31631 0
31632 0
31633 0
31634 0
31635 0
33264 0
33265 0
33266 0
33267 0
33268 0
33269 0
33270 0
33271 0
33272 0
33273 0
33274 0
33275 0
33276 0
33277 0
33278 0
33279 0
33280 0
33281 0
33282 0
33283 0
33284 0
33285 0
33286 0
33287 0
33288 0
33289 0
33290 0
33291 0
33292 0
33293 0
33294 0
33295 0
33296 0
33297 0
33298 0
33299 0
33300 0
34929 0
34930 0
34931 0
34932 0
34933 0
34934 0
34935 0
34936 0
34937 0
34938 0
34939 0
34940 0
34941 0
34942 0
34943 0
34944 0
34945 0
34946 0
34947 0
34948 0
34949 0
34950 0
34951 0
34952 0
34953 0
34954 0
34955 0
34956 0
34957 0
34958 0
34959 0
34960 0
34961 0
34962 0
34963 0
34964 0
34965 0
36594 0
36595 0
36596 0
36597 0
36598 0
36599 0
36600 0
36601 0
36602 0
36603 0
36604 0
36605 0
36606 0
36607 0
36608 0
36609 0
36610 0
36611 0
36612 0
36613 0
36614 0
36615 0
36616 0
36617 0
36618 0
36619 0
36620 0
36621 0
36622 0
36623 0
36624 0
36625 0
36626 0
36627 0
36628 0
36629 0
36630 0
38259 0
38260 0
38261 0
38262 0
38263 0
38264 0
38265 0
38266 0
38267 0
38268 0
38269 0
38270 0
38271 0
38272 0
38273 0
38274 0
38275 0
38276 0
38277 0
38278 0
38279 0
38280 0
38281 0
38282 0
38283 0
38284 0
38285 0
38286 0
38287 0
38288 0
38289 0
38290 0
38291 0
38292 0
38293 0
38294 0
38295 0
39924 0
39925 0
39926 0
39927 0
39928 0
39929 0
39930 0
39931 0
39932 0
39933 0
39934 0
39935 0
39936 0
39937 0
39938 0
39939 0
39940 0
39941 0
39942 0
39943 0
39944 0
39945 0
39946 0
39947 0
39948 0
39949 0
39950 0
39951 0
39952 0
39953 0
39954 0
39955 0
39956 0
39957 0
39958 0
39959 0
39960 0
41589 0
41590 0
41591 0
41592 0
41593 0
41594 0
41595 0
41596 0
41597 0
41598 0
41599 0
41600 0
41601 0
41602 0
41603 0
41604 0
41605 0
41606 0
41607 0
41608 0
41609 0
41610 0
41611 0
41612 0
41613 0
41614 0
41615 0
41616 0
41617 0
41618 0
41619 0
41620 0
41621 0
41622 0
41623 0
41624 0
41625 0
43254 0
43255 0
43256 0
43257 0
43258 0
43259 0
43260 0
43261 0
43262 0
43263 0
43264 0
43265 0
43266 0
43267 0
43268 0
43269 0
43270 0
43271 0
43272 0
43273 0
43274 0
43275 0
43276 0
43277 0
43278 0
43279 0
43280 0
43281 0
43282 0
43283 0
43284 0
43285 0
43286 0
43287 0
43288 0
43289 0
43290 0
44919 0
44920 0
44921 0
44922 0
44923 0
44924 0
44925 0
44926 0
44927 0
44928 0
44929 0
44930 0
44931 0
44932 0
44933 0
44934 0
44935 0
44936 0
44937 0
44938 0
44939 0
44940 0
44941 0
44942 0
44943 0
44944 0
44945 0
44946 0
44947 0
44948 0
44949 0
44950 0
44951 0
44952 0
44953 0
44954 0
44955 0
46584 0
46585 0
46586 0
46587 0
46588 0
46589 0
46590 0
46591 0
46592 0
46593 0
46594 0
46595 0
46596 0
46597 0
46598 0
46599 0
46600 0
46601 0
46602 0
46603 0
46604 0
46605 0
46606 0
46607 0
46608 0
46609 0
46610 0
46611 0
46612 0
46613 0
46614 0
46615 0
46616 0
46617 0
46618 0
46619 0
46620 0
48249 0
48250 0
48251 0
48252 0
48253 0
48254 0
48255 0
48256 0
48257 0
48258 0
48259 0
48260 0
48261 0
48262 0
48263 0
48264 0
48265 0
48266 0
48267 0
48268 0
48269 0
48270 0
48271 0
48272 0
48273 0
48274 0
48275 0
48276 0
48277 0
48278 0
48279 0
48280 0
48281 0
48282 0
48283 0
48284 0
48285 0
49914 0
49915 0
49916 0
49917 0
49918 0
49919 0
49920 0
49921 0
49922 0
49923 0
49924 0
49925 0
49926 0
49927 0
49928 0
49929 0
49930 0
49931 0
49932 0
49933 0
49934 0
49935 0
49936 0
49937 0
49938 0
49939 0
49940 0
49941 0
49942 0
49943 0
49944 0
49945 0
49946 0
49947 0
49948 0
49949 0
49950 0
51579 0
51580 0
51581 0
51582 0
51583 0
51584 0
51585 0
51586 0
51587 0
51588 0
51589 0
51590 0
51591 0
51592 0
51593 0
51594 0
51595 0
51596 0
51597 0
51598 0
51599 0
51600 0
51601 0
51602 0
51603 0
51604 0
51605 0
51606 0
51607 0
51608 0
51609 0
51610 0
51611 0
51612 0
51613 0
51614 0
51615 0
53244 0
53245 0
53246 0
53247 0
53248 0
53249 0
53250 0
53251 0
53252 0
53253 0
53254 0
53255 0
53256 0
53257 0
53258 0
53259 0
53260 0
53261 0
53262 0
53263 0
53264 0
53265 0
53266 0
53267 0
53268 0
53269 0
53270 0
53271 0
53272 0
53273 0
53274 0
53275 0
53276 0
53277 0
53278 0
53279 0
53280 0
54909 0
54910 0
54911 0
54912 0
54913 0
54914 0
54915 0
54916 0
54917 0
54918 0
54919 0
54920 0
54921 0
54922 0
54923 0
54924 0
54925 0
54926 0
54927 0
54928 0
54929 0
54930 0
54931 0
54932 0
54933 0
54934 0
54935 0
54936 0
54937 0
54938 0
54939 0
54940 0
54941 0
54942 0
54943 0
54944 0
54945 0
56574 0
56575 0
56576 0
56577 0
56578 0
56579 0
56580 0
56581 0
56582 0
56583 0
56584 0
56585 0
56586 0
56587 0
56588 0
56589 0
56590 0
56591 0
56592 0
56593 0
56594 0
56595 0
56596 0
56597 0
56598 0
56599 0
56600 0
56601 0
56602 0
56603 0
56604 0
56605 0
56606 0
56607 0
56608 0
56609 0
56610 0
58239 0
58240 0
58241 0
58242 0
58243 0
58244 0
58245 0
58246 0
58247 0
58248 0
58249 0
58250 0
58251 0
58252 0
58253 0
58254 0
58255 0
58256 0
58257 0
58258 0
58259 0
58260 0
58261 0
58262 0
58263 0
58264 0
58265 0
58266 0
58267 0
58268 0
58269 0
58270 0
58271 0
58272 0
58273 0
58274 0
58275 0
59904 0
59905 0
59906 0
59907 0
59908 0
59909 0
59910 0
59911 0
59912 0
59913 0
59914 0
59915 0
59916 0
59917 0
59918 0
59919 0
59920 0
59921 0
59922 0
59923 0
59924 0
59925 0
59926 0
59927 0
59928 0
59929 0
59930 0
59931 0
59932 0
59933 0
59934 0
59935 0
59936 0
59937 0
59938 0
59939 0
59940 0
61569 0
61570 0
61571 0
61572 0
61573 0
61574 0
61575 0
61576 0
61577 0
61578 0
61579 0
61580 0
61581 0
61582 0
61583 0
61584 0
61585 0
61586 0
61587 0
61588 0
61589 0
61590 0
61591 0
61592 0
61593 0
61594 0
61595 0
61596 0
61597 0
61598 0
61599 0
61600 0
61601 0
61602 0
61603 0
61604 0
61605 0
63234 0
63235 0
63236 0
63237 0
63238 0
63239 0
63240 0
63241 0
63242 0
63243 0
63244 0
63245 0
63246 0
63247 0
63248 0
63249 0
63250 0
63251 0
63252 0
63253 0
63254 0
63255 0
63256 0
63257 0
63258 0
63259 0
63260 0
63261 0
63262 0
63263 0
63264 0
63265 0
63266 0
63267 0
63268 0
63269 0
63270 0
64899 0
64900 0
64901 0
64902 0
64903 0
64904 0
64905 0
64906 0
64907 0
64908 0
64909 0
64910 0
64911 0
64912 0
64913 0
64914 0
64915 0
64916 0
64917 0
64918 0
64919 0
64920 0
64921 0
64922 0
64923 0
64924 0
64925 0
64926 0
64927 0
64928 0
64929 0
64930 0
64931 0
64932 0
64933 0
64934 0
64935 0
66564 0
66565 0
66566 0
66567 0
66568 0
66569 0
66570 0
66571 0
66572 0
66573 0
66574 0
66575 0
66576 0
66577 0
66578 0
66579 0
66580 0
66581 0
66582 0
66583 0
66584 0
66585 0
66586 0
66587 0
66588 0
66589 0
66590 0
66591 0
66592 0
66593 0
66594 0
66595 0
66596 0
66597 0
66598 0
66599 0
66600 0
68229 0
68230 0
68231 0
68232 0
68233 0
68234 0
68235 0
68236 0
68237 0
68238 0
68239 0
68240 0
68241 0
68242 0
68243 0
68244 0
68245 0
68246 0
68247 0
68248 0
68249 0
68250 0
68251 0
68252 0
68253 0
68254 0
68255 0
68256 0
68257 0
68258 0
68259 0
68260 0
68261 0
68262 0
68263 0
68264 0
68265 0
69894 0
69895 0
69896 0
69897 0
69898 0
69899 0
69900 0
69901 0
69902 0
69903 0
69904 0
69905 0
69906 0
69907 0
69908 0
69909 0
69910 0
69911 0
69912 0
69913 0
69914 0
69915 0
69916 0
69917 0
69918 0
69919 0
69920 0
69921 0
69922 0
69923 0
69924 0
69925 0
69926 0
69927 0
69928 0
69929 0
69930 0
71559 0
71560 0
71561 0
71562 0
71563 0
71564 0
71565 0
71566 0
71567 0
71568 0
71569 0
71570 0
71571 0
71572 0
71573 0
71574 0
71575 0
71576 0
71577 0
71578 0
71579 0
71580 0
71581 0
71582 0
71583 0
71584 0
71585 0
71586 0
71587 0
71588 0
71589 0
71590 0
71591 0
71592 0
71593 0
71594 0
71595 0
73224 0
73225 0
73226 0
73227 0
73228 0
73229 0
73230 0
73231 0
73232 0
73233 0
73234 0
73235 0
73236 0
73237 0
73238 0
73239 0
73240 0
73241 0
73242 0
73243 0
73244 0
73245 0
73246 0
73247 0
73248 0
73249 0
73250 0
73251 0
73252 0
73253 0
73254 0
73255 0
73256 0
73257 0
73258 0
73259 0
73260 0
74889 0
74890 0
74891 0
74892 0
74893 0
74894 0
74895 0
74896 0
74897 0
74898 0
74899 0
74900 0
74901 0
74902 0
74903 0
74904 0
74905 0
74906 0
74907 0
74908 0
74909 0
74910 0
74911 0
74912 0
74913 0
74914 0
74915 0
74916 0
74917 0
74918 0
74919 0
74920 0
74921 0
74922 0
74923 0
74924 0
74925 0
76554 0
76555 0
76556 0
76557 0
76558 0
76559 0
76560 0
76561 0
76562 0
76563 0
76564 0
76565 0
76566 0
76567 0
76568 0
76569 0
76570 0
76571 0
76572 0
76573 0
76574 0
76575 0
76576 0
76577 0
76578 0
76579 0
76580 0
76581 0
76582 0
76583 0
76584 0
76585 0
76586 0
76587 0
76588 0
76589 0
76590 0
78219 0
78220 0
78221 0
78222 0
78223 0
78224 0
78225 0
78226 0
78227 0
78228 0
78229 0
78230 0
78231 0
78232 0
78233 0
78234 0
78235 0
78236 0
78237 0
78238 0
78239 0
78240 0
78241 0
78242 0
78243 0
78244 0
78245 0
78246 0
78247 0
78248 0
78249 0
78250 0
78251 0
78252 0
78253 0
78254 0
78255 0
79884 0
79885 0
79886 0
79887 0
79888 0
79889 0
79890 0
79891 0
79892 0
79893 0
79894 0
79895 0
79896 0
79897 0
79898 0
79899 0
79900 0
79901 0
79902 0
79903 0
79904 0
79905 0
79906 0
79907 0
79908 0
79909 0
79910 0
79911 0
79912 0
79913 0
79914 0
79915 0
79916 0
79917 0
79918 0
79919 0
79920 0
