
-290.0000000000000000 0.0000000000000000 1000.0000000000000000
-265.0000000000000000 0.0000000000000000 1000.0000000000000000
-240.0000000000000000 0.0000000000000000 1000.0000000000000000
-215.0000000000000000 0.0000000000000000 1000.0000000000000000
-191.0584889270634790 0.0000000000000000 1005.4388370520809985
-167.8831626102946473 0.0000000000000000 1014.8145636965221001
-144.3104087873109052 0.0000000000000000 1023.1087362094048103
-120.5784156564283194 0.0000000000000000 1030.9695569067455381
-96.5737746433276385 0.0000000000000000 1037.7213416854986008
-71.9021741237333742 0.0000000000000000 1041.7601692135760914
-47.2305736041391171 0.0000000000000000 1045.7989967416535819
-22.5050451109959546 0.0000000000000000 1048.7938604836033392
2.4513929320936256 0.0000000000000000 1047.3186655129532028
27.4078309751832059 0.0000000000000000 1045.8434705423032938
52.3642690182727790 0.0000000000000000 1044.3682755716531574
77.1934606210407708 0.0000000000000000 1042.2076282059174446
101.0165786099260004 0.0000000000000000 1034.6274534528097320
124.8396965988112299 0.0000000000000000 1027.0472786997020194
148.6628145876964595 0.0000000000000000 1019.4671039465941931
172.4859325765816891 0.0000000000000000 1011.8869291934863668
196.3090505654669187 0.0000000000000000 1004.3067544403785405
220.6403929167640001 0.0000000000000000 1000.0000000000000000
