-290.00000000000000 1000.00000000000000 17.36077697574229
-265.00000000000000 1000.00000000000000 0.04485846712214
-240.00000000000000 1000.00000000000000 0.01651601651301
-215.00000000000000 1000.00000000000000 0.00735421761138
-191.05848892706348 1005.43883705208100 0.00368864617427
-167.88316261029465 1014.81456369652210 0.00209282363176
-144.31040878731091 1023.10873620940481 0.00137465915929
-120.57841565642832 1030.96955690674554 0.00100815042643
-96.57377464332764 1037.72134168549860 0.00071071528307
-71.90217412373337 1041.76016921357609 0.00058225004620
-47.23057360413912 1045.79899674165358 0.00045378480932
-22.50504511099595 1048.79386048360334 0.00034077362737
2.45139293209363 1047.31866551295320 0.00029393383353
27.40783097518321 1045.84347054230329 0.00024709403969
52.36426901827278 1044.36827557165316 0.00020025424585
77.19346062104077 1042.20762820591744 0.00015657741538
101.01657860992600 1034.62745345280973 0.00013790854570
124.83969659881123 1027.04727869970202 0.00011923967602
148.66281458769646 1019.46710394659419 0.00010057080635
172.48593257658169 1011.88692919348637 0.00008190193667
196.30905056546692 1004.30675444037854 0.00006323306699
220.64039291676400 1000.00000000000000 0.00005055502594
220.64039291676400 1000.00000000000000 0.00005055502594
