
-290.0000000000000000 0.0000000000000000 1000.0000000000000000
-265.0000000000000000 0.0000000000000000 1000.0000000000000000
-240.0000000000000000 0.0000000000000000 1000.0000000000000000
-215.0000000000000000 0.0000000000000000 1000.0000000000000000
-190.7013753435361707 0.0000000000000000 995.5128658139824438
-167.8720450928599064 0.0000000000000000 985.3324275901652527
-144.6039921381765225 0.0000000000000000 976.2016565164489066
-120.8247026322747075 0.0000000000000000 968.4993607951454351
-96.7054186692547546 0.0000000000000000 961.9795664408045468
-72.2472458004569091 0.0000000000000000 956.9185937751393567
-47.5046201085565301 0.0000000000000000 953.3405392939287140
-22.6405385821886682 0.0000000000000000 951.1557372767360903
2.3479909892940682 0.0000000000000000 950.3985121747135736
27.2399046963651799 0.0000000000000000 952.0017409633113630
52.0829608217519535 0.0000000000000000 954.7986253640120822
76.9260169471387201 0.0000000000000000 957.5955097647128014
101.0514141418206009 0.0000000000000000 964.0368084719661965
125.1000933724085797 0.0000000000000000 970.8676962081456168
149.1676460629658152 0.0000000000000000 977.6236533500828045
173.5827480660611286 0.0000000000000000 982.9997852475022455
197.9978500691564420 0.0000000000000000 988.3759171449216865
222.4129520722517555 0.0000000000000000 993.7520490423412411
