-290.00000000000000 0.00000000000000 1000.00000000000000 34.98002826182651
-265.00000000000000 0.00000000000000 1000.00000000000000 0.04992306741858
-240.00000000000000 0.00000000000000 1000.00000000000000 0.02091595791310
-215.00000000000000 0.00000000000000 1000.00000000000000 0.01228475236949
-190.70137534353617 0.00000000000000 995.51286581398244 0.00877137718724
-167.87204509285991 0.00000000000000 985.33242759016525 0.00640990399620
-144.60399213817652 0.00000000000000 976.20165651644891 0.00467687794919
-120.82470263227471 0.00000000000000 968.49936079514544 0.00357994459263
-96.70541866925475 0.00000000000000 961.97956644080455 0.00277030420718
-72.24724580045691 0.00000000000000 956.91859377513936 0.00220068556942
-47.50462010855653 0.00000000000000 953.34053929392871 0.00180672520470
-22.64053858218867 0.00000000000000 951.15573727673609 0.00148883798673
2.34799098929407 0.00000000000000 950.39851217471357 0.00125185965667
27.23990469636518 0.00000000000000 952.00174096331136 0.00108368211337
52.08296082175195 0.00000000000000 954.79862536401208 0.00094849366423
76.92601694713872 0.00000000000000 957.59550976471280 0.00081382682206
101.05141414182060 0.00000000000000 964.03680847196620 0.00073804947538
125.10009337240858 0.00000000000000 970.86769620814562 0.00066597393221
149.16764606296582 0.00000000000000 977.62365335008280 0.00059866528062
173.58274806606113 0.00000000000000 982.99978524750225 0.00055912842907
197.99785006915644 0.00000000000000 988.37591714492169 0.00052029991286
222.41295207225176 0.00000000000000 993.75204904234124 0.00048174496104
222.41295207225176 0.00000000000000 993.75204904234124 0.00048174496104
