-1476.8918800354000000
-984.2612533569340000
-655.8408355712890000
-436.8938903808590000
-290.9292602539060000
-193.6195068359370000
-128.7463378906250000
-85.4975585937500000
-56.6650390625000000
-37.4433593750000000
-24.6289062500000000
-16.0859375000000000
-10.3906250000000000
-6.5937500000000000
-4.0625000000000000
-2.3750000000000000
-1.2500000000000000
-0.5000000000000000
0.0000000000000000
0.5000000000000000
1.2500000000000000
2.3750000000000000
4.0625000000000000
6.5937500000000000
10.3906250000000000
16.0859375000000000
24.6289062500000000
37.4433593750000000
56.6650390625000000
85.4975585937500000
128.7463378906250000
193.6195068359370000
290.9292602539060000
436.8938903808590000
655.8408355712890000
984.2612533569340000
1476.8918800354000000