-1566.8711941742900000
-1071.6422925290000000
-780.3311739141150000
-608.9716923759500000
-508.1719973535000000
-448.8780591050000000
-413.9992719000000000
-393.4823382500000000
-381.4135537500000000
-374.3142687500000000
-370.1382187500000000
-367.6817187500000000
-366.2367187500000000
-365.3867187500000000
-364.8867187500000000
-364.3867187500000000
-363.6367187500000000
-362.5117187500000000
-360.8242187500000000
-358.2929687500000000
-354.4960937500000000
-348.8007812500000000
-340.2578125000000000
-327.4433593750000000
-314.6289062500000000
-306.0859375000000000
-300.3906250000000000
-296.5937500000000000
-294.0625000000000000
-292.3750000000000000
-291.2500000000000000
-290.5000000000000000
-290.0000000000000000
-289.5000000000000000
-288.7500000000000000
-287.6250000000000000
-285.9375000000000000
-283.4062500000000000
-279.6093750000000000
-273.9140625000000000
-265.3710937500000000
-252.5566406250000000
-233.3349609375000000
-204.5024414062500000
-161.2536621093750000
-87.7307373046875000
37.2582348632812000
249.7394875488280000
568.4613665771480000
1046.5441851196300000