-290.00000000000000 0.00000000000000 1000.00000000000000 52.49526208590236
-265.00000000000000 0.00000000000000 1000.00000000000000 0.04936164319514
-240.00000000000000 0.00000000000000 1000.00000000000000 0.02004667639647
-215.00000000000000 0.00000000000000 1000.00000000000000 0.01107857904770
-190.75243276920003 0.00000000000000 1004.61064737566926 0.00660205862221
-167.88627675947188 0.00000000000000 1014.70321519652202 0.00472309949042
-144.57036343352493 0.00000000000000 1023.71109270840827 0.00369569920614
-120.84776650535565 0.00000000000000 1031.57367887476357 0.00300603943986
-96.73218191120375 0.00000000000000 1038.12913351173643 0.00253013559616
-72.22450366544373 0.00000000000000 1042.97253535462505 0.00219445451064
-47.56698440528693 0.00000000000000 1047.09645872139549 0.00190511320495
-22.63439912819952 0.00000000000000 1048.82562801428435 0.00170335670887
2.32368469769544 0.00000000000000 1036.83160663400054 0.00151454289460
26.08360331833184 0.00000000000000 1044.60761249438519 0.00138222900684
50.28709631415932 0.00000000000000 1020.48868881117380 0.00124357570823
74.49477957540877 0.00000000000000 1026.73273166200556 0.00114747648947
98.70246283665823 0.00000000000000 1032.97677451283721 0.00105286832682
122.49609100478980 0.00000000000000 1020.23919142680654 0.00095507359518
147.09331896386030 0.00000000000000 1005.78175749142372 0.00086283176753
171.87771129985293 0.00000000000000 1009.05802007790692 0.00078654708328
196.64110318214856 0.00000000000000 1007.48786257154200 0.00071690530989
221.39617200988991 0.00000000000000 1003.99693614238481 0.00065112904387
-1139.98027738139990 0.00000000000000 1000.00000000000000 -0.00025591342372
-1114.98027738139990 0.00000000000000 1000.00000000000000 -0.00027552699818
-1089.98027738139990 0.00000000000000 1000.00000000000000 -0.00029514057265
-1064.98027738139990 0.00000000000000 1000.00000000000000 -0.00031696988584
-1039.98027738139990 0.00000000000000 1000.00000000000000 -0.00034489828198
-1014.98027738139990 0.00000000000000 1000.00000000000000 -0.00037282667813
-989.98027738139990 0.00000000000000 1000.00000000000000 -0.00040075507428
-964.98027738139990 0.00000000000000 1000.00000000000000 -0.00043334424292
-939.98027738139990 0.00000000000000 1000.00000000000000 -0.00047346300800
-914.98027738139990 0.00000000000000 1000.00000000000000 -0.00051358177307
-889.98027738139990 0.00000000000000 1000.00000000000000 -0.00055370053814
-864.98027738139990 0.00000000000000 1000.00000000000000 -0.00060602087182
-839.98027738139990 0.00000000000000 1000.00000000000000 -0.00067063172402
-814.98027738139990 0.00000000000000 1000.00000000000000 -0.00073524257621
-789.98027738139990 0.00000000000000 1000.00000000000000 -0.00079985342840
-764.98027738139990 0.00000000000000 1000.00000000000000 -0.00088763643876
-739.98027738139990 0.00000000000000 1000.00000000000000 -0.00098998475813
-714.98027738139990 0.00000000000000 1000.00000000000000 -0.00111016621042
-689.98027738139990 0.00000000000000 1000.00000000000000 -0.00126667861270
-664.98027738139990 0.00000000000000 1000.00000000000000 -0.00142798344072
-639.98027738139990 0.00000000000000 1000.00000000000000 -0.00169231270450
-614.98027738139990 0.00000000000000 1000.00000000000000 -0.00195664196829
-589.98027738139990 0.00000000000000 1000.00000000000000 -0.00234625654226
-564.98027738139990 0.00000000000000 1000.00000000000000 -0.00287293215068
-539.98027738139990 0.00000000000000 1000.00000000000000 -0.00356955347628
-514.98027738139990 0.00000000000000 1000.00000000000000 -0.00469349693585
-489.98027738139990 0.00000000000000 1000.00000000000000 -0.00632410114782
-464.98027738139990 0.00000000000000 1000.00000000000000 -0.00934540570900
-439.98027738139990 0.00000000000000 1000.00000000000000 -0.01511061117801
-414.98027738139990 0.00000000000000 1000.00000000000000 -0.03011263758240
-389.98027738139990 0.00000000000000 1000.00000000000000 -0.07735773989149
-364.98027738139990 0.00000000000000 1000.00000000000000 -0.10130803713890
-339.98027738139990 0.00000000000000 1000.00000000000000 -0.01010417814910
-314.98027738139990 0.00000000000000 1000.00000000000000 0.03829955853077
-289.98027738139990 0.00000000000000 1000.00000000000000 46.89730784181032
-264.98027738139990 0.00000000000000 1000.00000000000000 0.04932007475681
-239.98027738139990 0.00000000000000 1000.00000000000000 0.02003414841247
-214.98027738139990 0.00000000000000 1000.00000000000000 0.01107342643093
-190.73373342275897 0.00000000000000 1004.61691763301019 0.00659918409987
-167.86810035863732 0.00000000000000 1014.71087026916337 0.00472203606746
-144.55188142160975 0.00000000000000 1023.71797725051431 0.00369499091944
-144.55188142160975 0.00000000000000 1023.71797725051431 0.00369499091944
