-2957.30210724352000
-2182.15546711040000
-1585.88882085416000
-1127.22216988781000
-774.40166914447100
-503.00128395728500
-294.23175689021900
-133.63981299247600
-10.10754845575100
84.91727041865310
158.01328493742600
214.24098841340400
257.49306801031100
290.76389846947000
316.35684497651500
336.04372690501200
351.18748223462400
362.83652479586500
371.79732676605000
378.69025135850000
383.99250104500000
388.07115465000000
391.20858050000000
393.62198500000000
395.47845000000000
396.90650000000000
398.00500000000000
398.85000000000000
399.50000000000000
400.00000000000000
400.50000000000000
401.15000000000000
401.99500000000000
403.09350000000000
404.52155000000000
406.37801500000000
408.79141950000000
411.92884535000000
416.00749895500000
421.30974864150000
428.20267323395000
437.16347520413500
448.81251776537600
457.77331973556100
464.66624432801100
469.96849401451000
474.04714761951000
477.18457346951000
479.59797796951100
481.45444296951100
482.88249296951100
483.98099296951100
484.82599296951100
485.47599296951100
485.97599296951100
486.47599296951100
487.12599296951000
487.97099296951100
489.06949296951100
490.49754296951100
492.35400796951100
494.76741246951100
497.90483831951100
501.98349192451100
507.28574161101100
514.17866620346000
523.13946817364500
534.78851073488600
549.93226606449900
569.61914799299500
595.21209450004100
628.48292495920000
671.73500455610600
727.96270803208500
801.05872255085700
896.08354142526100
1019.61580596199000
1180.20774985973000
1388.97727692680000
1660.37766211398000
2013.19816285732000
2471.86481382367000
3068.13146007991000
3843.27810021303000