-2582.15546711040000
-1985.88882085416000
-1527.22216988781000
-1174.40166914447000
-903.00128395728500
-694.23175689021900
-533.63981299247600
-410.10754845575100
-315.08272958134700
-241.98671506257500
-185.75901158659600
-142.50693198968900
-109.23610153053000
-83.64315502348460
-63.95627309498820
-48.81251776537550
-37.16347520413500
-28.20267323395000
-21.30974864150000
-16.00749895500000
-11.92884535000000
-8.79141950000000
-6.37801500000000
-4.52155000000000
-3.09350000000000
-1.99500000000000
-1.15000000000000
-0.50000000000000
0.00000000000000
0.50000000000000
1.15000000000000
1.99500000000000
3.09350000000000
4.52155000000000
6.37801500000000
8.79141950000000
11.92884535000000
16.00749895500000
21.30974864150000
28.20267323395000
37.16347520413500
48.81251776537550
63.95627309498820
83.64315502348460
109.23610153053000
142.50693198968900
185.75901158659600
241.98671506257500
315.08272958134700
410.10754845575100
533.63981299247600
694.23175689021900
903.00128395728500
1174.40166914447000
1527.22216988781000
1985.88882085416000
2582.15546711040000