-699.49349350000000 0.00000000000000 1000.00000000000000 -0.00022746089032
-649.49349350000000 0.00000000000000 1000.00000000000000 -0.00024314862082
-599.49349350000000 0.00000000000000 1000.00000000000000 -0.00025883635133
-549.49349350000000 0.00000000000000 1000.00000000000000 -0.00027452408184
-499.49365445316874 0.00000000000000 1000.03360288786769 -0.00029112199936
-449.49594867756343 0.00000000000000 1000.51257801875011 -0.00031978352381
-399.49824290195812 0.00000000000000 1000.99155314963252 -0.00034844504826
-349.50053712635281 0.00000000000000 1001.47052828051494 -0.00037710657270
-299.50283135074750 0.00000000000000 1001.94950341139747 -0.00040576809715
-249.51694162925673 0.00000000000000 1003.11374989742785 -0.00045782980130
-199.53244444056435 0.00000000000000 1004.35875624022469 -0.00051264923806
-149.54794725187196 0.00000000000000 1005.60376258302153 -0.00056746867482
-99.57073685109955 0.00000000000000 1007.10316365588028 -0.00065447896936
-49.59692819835966 0.00000000000000 1008.72132580453524 -0.00075651717308
0.34539704880487 0.00000000000000 1009.11998186340168 -0.00087944891072
50.16914071474903 0.00000000000000 1004.92539402783450 -0.00108107570192
100.04621582981925 0.00000000000000 1002.00000000000000 -0.00135105562577
150.04621582981923 0.00000000000000 1002.00000000000000 -0.00177858425878
200.04621582981923 0.00000000000000 1002.00000000000000 -0.00253425007966
250.00799794264157 0.00000000000000 1000.34611376550799 -0.00393384630697
299.99999997000901 0.00000000000000 1000.00000000000000 -0.00747996894866
585.00000000000000 0.00000000000000 1000.00000000000000 0.00750419587369
635.00000000000000 0.00000000000000 1000.00000000000000 0.00396952068393
685.00000000000000 0.00000000000000 1000.00000000000000 0.00255045594439
735.00000000000000 0.00000000000000 1000.00000000000000 0.00177946097616
785.00000000000000 0.00000000000000 1000.00000000000000 0.00136341884145
835.00000000000000 0.00000000000000 1000.00000000000000 0.00108866904589
885.00000000000000 0.00000000000000 1000.00000000000000 0.00088076925256
935.00000000000000 0.00000000000000 1000.00000000000000 0.00075337615874
985.00000000000000 0.00000000000000 1000.00000000000000 0.00064891165020
1035.00000000000000 0.00000000000000 1000.00000000000000 0.00056016162688
1085.00000000000000 0.00000000000000 1000.00000000000000 0.00050677059412
1135.00000000000000 0.00000000000000 1000.00000000000000 0.00045337956135
1185.00000000000000 0.00000000000000 1000.00000000000000 0.00040240700712
1235.00000000000000 0.00000000000000 1000.00000000000000 0.00037424919962
1285.00000000000000 0.00000000000000 1000.00000000000000 0.00034609139211
1335.00000000000000 0.00000000000000 1000.00000000000000 0.00031793358460
1385.00000000000000 0.00000000000000 1000.00000000000000 0.00028977577709
1435.00000000000000 0.00000000000000 1000.00000000000000 0.00027325051595
1485.00000000000000 0.00000000000000 1000.00000000000000 0.00025773053775
1535.00000000000000 0.00000000000000 1000.00000000000000 0.00024221055955
1585.00000000000000 0.00000000000000 1000.00000000000000 0.00022669058135
1635.00000000000000 0.00000000000000 1000.00000000000000 0.00021117060315