0.0000e+00 0.0000e+00 0.0000e+00 9.3750e-32 0.0000e+00 9.3750e-32
5.0000e-01 0.0000e+00 0.0000e+00 2.5000e-01 2.5000e-01 0.0000e+00
1.0000e+00 0.0000e+00 0.0000e+00 1.0000e+00 1.0000e+00 0.0000e+00
0.0000e+00 5.0000e-01 0.0000e+00 2.5000e-01 2.5000e-01 0.0000e+00
5.0000e-01 5.0000e-01 0.0000e+00 5.0000e-01 5.0000e-01 0.0000e+00
1.0000e+00 5.0000e-01 0.0000e+00 1.2500e+00 1.2500e+00 0.0000e+00
0.0000e+00 1.0000e+00 0.0000e+00 1.0000e+00 1.0000e+00 0.0000e+00
5.0000e-01 1.0000e+00 0.0000e+00 1.2500e+00 1.2500e+00 0.0000e+00
1.0000e+00 1.0000e+00 0.0000e+00 2.0000e+00 2.0000e+00 0.0000e+00
0.0000e+00 0.0000e+00 5.0000e-01 2.5000e-01 2.5000e-01 0.0000e+00
5.0000e-01 0.0000e+00 5.0000e-01 5.0000e-01 5.0000e-01 0.0000e+00
1.0000e+00 0.0000e+00 5.0000e-01 1.2500e+00 1.2500e+00 0.0000e+00
0.0000e+00 5.0000e-01 5.0000e-01 5.0000e-01 5.0000e-01 0.0000e+00
5.0000e-01 5.0000e-01 5.0000e-01 7.5000e-01 7.5000e-01 1.1102e-16
1.0000e+00 5.0000e-01 5.0000e-01 1.5000e+00 1.5000e+00 2.2204e-16
0.0000e+00 1.0000e+00 5.0000e-01 1.2500e+00 1.2500e+00 0.0000e+00
5.0000e-01 1.0000e+00 5.0000e-01 1.5000e+00 1.5000e+00 2.2204e-16
1.0000e+00 1.0000e+00 5.0000e-01 2.2500e+00 2.2500e+00 0.0000e+00
0.0000e+00 0.0000e+00 1.0000e+00 1.0000e+00 1.0000e+00 0.0000e+00
5.0000e-01 0.0000e+00 1.0000e+00 1.2500e+00 1.2500e+00 0.0000e+00
1.0000e+00 0.0000e+00 1.0000e+00 2.0000e+00 2.0000e+00 0.0000e+00
0.0000e+00 5.0000e-01 1.0000e+00 1.2500e+00 1.2500e+00 0.0000e+00
5.0000e-01 5.0000e-01 1.0000e+00 1.5000e+00 1.5000e+00 2.2204e-16
1.0000e+00 5.0000e-01 1.0000e+00 2.2500e+00 2.2500e+00 0.0000e+00
0.0000e+00 1.0000e+00 1.0000e+00 2.0000e+00 2.0000e+00 0.0000e+00
5.0000e-01 1.0000e+00 1.0000e+00 2.2500e+00 2.2500e+00 0.0000e+00
1.0000e+00 1.0000e+00 1.0000e+00 3.0000e+00 3.0000e+00 4.4409e-16
