
-290.0000000000000000 0.0000000000000000 1000.0000000000000000
-265.0000000000000000 0.0000000000000000 1000.0000000000000000
-240.0000000000000000 0.0000000000000000 1000.0000000000000000
-215.5173910310141423 0.0000000000000000 1004.3249271909641038
-191.2228616245673720 0.0000000000000000 1010.2220316430908724
-166.9283322181206017 0.0000000000000000 1016.1191360952176410
-142.6037481155202613 0.0000000000000000 1021.8905761448734211
-118.2700044117025300 0.0000000000000000 1027.6237181592414345
-93.9362607078847986 0.0000000000000000 1033.3568601736094479
-69.6025170040670673 0.0000000000000000 1039.0900021879774613
-45.2687733002493218 0.0000000000000000 1044.8231442023452473
-20.8969266347822469 0.0000000000000000 1047.7622405281754254
3.5841068425857934 0.0000000000000000 1042.6947954243794356
28.0651403199538372 0.0000000000000000 1037.6273503205834459
52.5461737973218845 0.0000000000000000 1032.5599052167874561
77.0272072746899283 0.0000000000000000 1027.4924601129914663
101.5082407520579721 0.0000000000000000 1022.4250150091955902
125.9892742294260159 0.0000000000000000 1017.3575699053997141
150.4703077067940740 0.0000000000000000 1012.2901248016038380
174.9513411841621178 0.0000000000000000 1007.2226796978079619
199.4323746615301616 0.0000000000000000 1002.1552345940120858
224.2116530592630284 0.0000000000000000 1000.0000000000000000
