-290.00000000000000 1000.00000000000000 8.27240745451732
-265.00000000000000 1000.00000000000000 0.04193105767636
-240.00000000000000 1000.00000000000000 0.01589059531794
-215.51739103101414 1004.32492719096410 0.00709154136832
-191.22286162456737 1010.22203164309087 0.00456000339155
-166.92833221812060 1016.11913609521764 0.00202846541477
-142.60374811552026 1021.89057614487342 0.00127572496535
-118.27000441170253 1027.62371815924143 0.00106509866388
-93.93626070788480 1033.35686017360945 0.00085447236241
-69.60251700406707 1039.09000218797746 0.00064384606093
-45.26877330024932 1044.82314420234525 0.00043321975946
-20.89692663478225 1047.76224052817543 0.00027056329956
3.58410684258579 1042.69479542437944 0.00024536791466
28.06514031995384 1037.62735032058345 0.00022017252977
52.54617379732188 1032.55990521678746 0.00019497714487
77.02720727468993 1027.49246011299147 0.00016978175997
101.50824075205797 1022.42501500919559 0.00014458637507
125.98927422942602 1017.35756990539971 0.00011939099017
150.47030770679407 1012.29012480160384 0.00009419560527
174.95134118416212 1007.22267969780796 0.00006900022037
199.43237466153016 1002.15523459401209 0.00004380483547
224.21165305926303 1000.00000000000000 0.00003215219164
224.21165305926303 1000.00000000000000 0.00003215219164
