1 0
2 0
3 0
4 0
5 0
6 0
7 0
8 0
9 0
10 0
11 0
12 0
13 0
14 0
15 0
16 0
17 0
18 0
19 0
20 0
21 0
22 0
23 0
24 0
25 0
26 0
27 0
28 0
29 0
30 0
31 0
32 0
33 0
34 0
35 0
36 0
37 0
38 0
39 0
40 0
41 0
42 0
43 0
44 0
45 0
46 0
47 0
48 0
49 0
50 0
51 0
52 0
53 0
54 0
55 0
56 0
57 0
58 0
59 0
60 0
61 0
62 0
63 0
64 0
65 0
66 0
67 0
68 0
69 0
70 0
71 0
72 0
73 0
74 0
75 0
76 0
77 0
78 0
79 0
80 0
81 0
82 0
83 0
84 0
85 0
86 0
87 0
88 0
89 0
90 0
91 0
92 0
93 0
94 0
95 0
96 0
97 0
98 0
99 0
100 0
101 0
102 0
103 0
104 0
105 0
106 0
107 0
108 0
109 0
110 0
111 0
112 0
113 0
114 0
115 0
116 0
117 0
118 0
119 0
120 0
121 0
122 0
123 0
124 0
125 0
126 0
127 0
128 0
129 0
130 0
131 0
132 0
133 0
134 0
135 0
136 0
137 0
138 0
139 0
140 0
141 0
142 0
143 0
144 0
145 0
146 0
147 0
148 0
149 0
150 0
151 0
152 0
153 0
154 0
155 0
156 0
157 0
158 0
159 0
160 0
161 0
162 0
163 0
164 0
165 0
166 0
167 0
168 0
169 0
170 0
171 0
172 0
173 0
174 0
175 0
176 0
177 0
178 0
179 0
180 0
181 0
182 0
183 0
184 0
185 0
186 0
187 0
188 0
189 0
190 0
191 0
192 0
193 0
194 0
195 0
196 0
197 0
198 0
199 0
200 0
201 0
202 0
203 0
204 0
205 0
206 0
207 0
208 0
209 0
210 0
211 0
212 0
213 0
214 0
215 0
216 0
217 0
218 0
219 0
220 0
221 0
222 0
223 0
224 0
225 0
226 0
227 0
228 0
229 0
230 0
231 0
232 0
233 0
234 0
235 0
236 0
237 0
238 0
239 0
240 0
241 0
242 0
243 0
244 0
245 0
246 0
247 0
248 0
249 0
250 0
251 0
252 0
253 0
254 0
255 0
256 0
257 0
258 0
259 0
260 0
261 0
262 0
263 0
264 0
265 0
266 0
267 0
268 0
269 0
270 0
271 0
272 0
273 0
274 0
275 0
276 0
277 0
278 0
279 0
280 0
281 0
282 0
283 0
284 0
285 0
286 0
287 0
288 0
289 0
290 0
291 0
292 0
293 0
294 0
295 0
296 0
297 0
298 0
299 0
300 0
301 0
302 0
303 0
304 0
305 0
306 0
307 0
308 0
309 0
310 0
311 0
312 0
313 0
314 0
315 0
316 0
317 0
318 0
319 0
320 0
321 0
322 0
323 0
324 0
325 0
326 0
327 0
328 0
329 0
330 0
331 0
332 0
333 0
334 0
335 0
336 0
337 0
338 0
339 0
340 0
341 0
342 0
343 0
344 0
345 0
346 0
347 0
348 0
349 0
350 0
351 0
352 0
353 0
354 0
355 0
356 0
357 0
358 0
359 0
360 0
361 0
362 0
363 0
364 0
365 0
366 0
367 0
368 0
369 0
370 0
371 0
372 0
373 0
374 0
375 0
376 0
377 0
378 0
379 0
380 0
381 0
382 0
383 0
384 0
385 0
386 0
387 0
388 0
389 0
390 0
391 0
392 0
393 0
394 0
395 0
396 0
397 0
398 0
399 0
400 0
401 0
402 0
403 0
404 0
405 0
406 0
407 0
408 0
409 0
410 0
411 0
412 0
413 0
414 0
415 0
416 0
417 0
418 0
419 0
420 0
421 0
422 0
423 0
424 0
425 0
426 0
427 0
428 0
429 0
430 0
431 0
432 0
433 0
434 0
435 0
436 0
437 0

1 0
20 0
39 0
58 0
77 0
96 0
115 0
134 0
153 0
172 0
191 0
210 0
229 0
248 0
267 0
286 0
305 0
324 0
343 0
362 0
381 0
400 0
419 0
438 0
457 0
476 0
495 0
514 0
533 0
552 0
571 0
590 0
609 0
628 0
647 0
666 0
685 0
704 0
723 0
742 0
761 0
780 0
799 0
818 0
837 0
856 0
875 0
894 0
913 0
932 0
951 0
970 0
989 0
1008 0
1027 0
1046 0
1065 0
1084 0
1103 0
1122 0
1141 0
1160 0
1179 0
1198 0
1217 0
1236 0
1255 0
1274 0
1293 0
1312 0
1331 0
1350 0
1369 0
1388 0
1407 0
1426 0
1445 0
1464 0
1483 0
1502 0
1521 0
1540 0
1559 0
1578 0
1597 0
1616 0
1635 0
1654 0
1673 0
1692 0
1711 0
1730 0
1749 0
1768 0
1787 0
1806 0
1825 0
1844 0
1863 0
1882 0
1901 0
1920 0
1939 0
1958 0
1977 0
1996 0
2015 0
2034 0
2053 0
2072 0
2091 0
2110 0
2129 0
2148 0
2167 0
2186 0
2205 0
2224 0
2243 0
2262 0
2281 0
2300 0
2319 0
2338 0
2357 0
2376 0
2395 0
2414 0
2433 0
2452 0
2471 0
2490 0
2509 0
2528 0
2547 0
2566 0
2585 0
2604 0
2623 0
2642 0
2661 0
2680 0
2699 0
2718 0
2737 0
2756 0
2775 0
2794 0
2813 0
2832 0
2851 0
2870 0
2889 0
2908 0
2927 0
2946 0
2965 0
2984 0
3003 0
3022 0
3041 0
3060 0
3079 0
3098 0
3117 0
3136 0
3155 0
3174 0
3193 0
3212 0
3231 0
3250 0
3269 0
3288 0
3307 0
3326 0
3345 0
3364 0
3383 0
3402 0
3421 0
3440 0
3459 0
3478 0
3497 0
3516 0
3535 0
3554 0
3573 0
3592 0
3611 0
3630 0
3649 0
3668 0
3687 0
3706 0
3725 0
3744 0
3763 0
3782 0
3801 0
3820 0
3839 0
3858 0
3877 0
3896 0
3915 0
3934 0
3953 0
3972 0
3991 0
4010 0
4029 0
4048 0
4067 0
4086 0
4105 0
4124 0
4143 0
4162 0
4181 0
4200 0
4219 0
4238 0
4257 0
4276 0
4295 0
4314 0
4333 0
4352 0
4371 0
4390 0
4409 0
4428 0
4447 0
4466 0
4485 0
4504 0
4523 0
4542 0
4561 0
4580 0
4599 0
4618 0
4637 0
4656 0
4675 0
4694 0
4713 0
4732 0
4751 0
4770 0
4789 0
4808 0
4827 0
4846 0
4865 0
4884 0
4903 0
4922 0
4941 0
4960 0
4979 0
4998 0
5017 0
5036 0
5055 0
5074 0
5093 0
5112 0
5131 0
5150 0
5169 0
5188 0
5207 0
5226 0
5245 0
5264 0
5283 0
5302 0
5321 0
5340 0
5359 0
5378 0
5397 0
5416 0
5435 0
5454 0
5473 0
5492 0
5511 0
5530 0
5549 0
5568 0
5587 0
5606 0
5625 0
5644 0
5663 0
5682 0
5701 0
5720 0
5739 0
5758 0
5777 0
5796 0
5815 0
5834 0
5853 0
5872 0
5891 0
5910 0
5929 0
5948 0
5967 0
5986 0
6005 0
6024 0
6043 0
6062 0
6081 0
6100 0
6119 0
6138 0
6157 0
6176 0
6195 0
6214 0
6233 0
6252 0
6271 0
6290 0
6309 0
6328 0
6347 0
6366 0
6385 0
6404 0
6423 0
6442 0
6461 0
6480 0
6499 0
6518 0
6537 0
6556 0
6575 0
6594 0
6613 0
6632 0
6651 0
6670 0
6689 0
6708 0
6727 0
6746 0
6765 0
6784 0
6803 0
6822 0
6841 0
6860 0
6879 0
6898 0
6917 0
6936 0
6955 0
6974 0
6993 0
7012 0
7031 0
7050 0
7069 0
7088 0
7107 0
7126 0
7145 0
7164 0
7183 0
7202 0
7221 0
7240 0
7259 0
7278 0
7297 0
7316 0
7335 0
7354 0
7373 0
7392 0
7411 0
7430 0
7449 0
7468 0
7487 0
7506 0
7525 0
7544 0
7563 0
7582 0
7601 0
7620 0
7639 0
7658 0
7677 0
7696 0
7715 0
7734 0
7753 0
7772 0
7791 0
7810 0
7829 0
7848 0
7867 0
7886 0
7905 0
7924 0
7943 0
7962 0
7981 0
8000 0
8019 0
8038 0
8057 0
8076 0
8095 0
8114 0
8133 0
8152 0
8171 0
8190 0
8209 0
8228 0
8247 0
8266 0
8285 0
8304 0
8323 0
8342 0
8361 0
8380 0
8399 0
8418 0
8437 0
8456 0
8475 0
8494 0
8513 0
8532 0
8551 0
8570 0
8589 0
8608 0
8627 0
8646 0
8665 0
8684 0
8703 0
8722 0
8741 0
8760 0
8779 0
8798 0
8817 0
8836 0
8855 0
8874 0
8893 0
8912 0
8931 0
8950 0
8969 0
8988 0
9007 0
9026 0
9045 0
9064 0
9083 0
9102 0
9121 0
9140 0
9159 0
9178 0
9197 0
9216 0
9235 0
9254 0
9273 0
9292 0
9311 0
9330 0
9349 0
9368 0
9387 0
9406 0
9425 0
9444 0
9463 0
9482 0
9501 0
9520 0
9539 0
9558 0
9577 0
9596 0
9615 0
9634 0
9653 0
9672 0
9691 0
9710 0
9729 0
9748 0
9767 0
9786 0
9805 0
9824 0
9843 0
9862 0
9881 0
9900 0
9919 0
9938 0
9957 0
9976 0
9995 0
10014 0
10033 0
10052 0
10071 0
10090 0
10109 0
10128 0
10147 0
10166 0
10185 0
10204 0
10223 0
10242 0
10261 0
10280 0
10299 0
10318 0
10337 0
10356 0
10375 0
10394 0
10413 0
10432 0
10451 0
10470 0
10489 0
10508 0
10527 0
10546 0
10565 0
10584 0
10603 0
10622 0
10641 0
10660 0
10679 0
10698 0
10717 0
10736 0
10755 0
10774 0
10793 0
10812 0
10831 0
10850 0
10869 0
10888 0
10907 0

1 0
2 0
3 0
4 0
5 0
6 0
7 0
8 0
9 0
10 0
11 0
12 0
13 0
14 0
15 0
16 0
17 0
18 0
19 0
438 0
439 0
440 0
441 0
442 0
443 0
444 0
445 0
446 0
447 0
448 0
449 0
450 0
451 0
452 0
453 0
454 0
455 0
456 0
875 0
876 0
877 0
878 0
879 0
880 0
881 0
882 0
883 0
884 0
885 0
886 0
887 0
888 0
889 0
890 0
891 0
892 0
893 0
1312 0
1313 0
1314 0
1315 0
1316 0
1317 0
1318 0
1319 0
1320 0
1321 0
1322 0
1323 0
1324 0
1325 0
1326 0
1327 0
1328 0
1329 0
1330 0
1749 0
1750 0
1751 0
1752 0
1753 0
1754 0
1755 0
1756 0
1757 0
1758 0
1759 0
1760 0
1761 0
1762 0
1763 0
1764 0
1765 0
1766 0
1767 0
2186 0
2187 0
2188 0
2189 0
2190 0
2191 0
2192 0
2193 0
2194 0
2195 0
2196 0
2197 0
2198 0
2199 0
2200 0
2201 0
2202 0
2203 0
2204 0
2623 0
2624 0
2625 0
2626 0
2627 0
2628 0
2629 0
2630 0
2631 0
2632 0
2633 0
2634 0
2635 0
2636 0
2637 0
2638 0
2639 0
2640 0
2641 0
3060 0
3061 0
3062 0
3063 0
3064 0
3065 0
3066 0
3067 0
3068 0
3069 0
3070 0
3071 0
3072 0
3073 0
3074 0
3075 0
3076 0
3077 0
3078 0
3497 0
3498 0
3499 0
3500 0
3501 0
3502 0
3503 0
3504 0
3505 0
3506 0
3507 0
3508 0
3509 0
3510 0
3511 0
3512 0
3513 0
3514 0
3515 0
3934 0
3935 0
3936 0
3937 0
3938 0
3939 0
3940 0
3941 0
3942 0
3943 0
3944 0
3945 0
3946 0
3947 0
3948 0
3949 0
3950 0
3951 0
3952 0
4371 0
4372 0
4373 0
4374 0
4375 0
4376 0
4377 0
4378 0
4379 0
4380 0
4381 0
4382 0
4383 0
4384 0
4385 0
4386 0
4387 0
4388 0
4389 0
4808 0
4809 0
4810 0
4811 0
4812 0
4813 0
4814 0
4815 0
4816 0
4817 0
4818 0
4819 0
4820 0
4821 0
4822 0
4823 0
4824 0
4825 0
4826 0
5245 0
5246 0
5247 0
5248 0
5249 0
5250 0
5251 0
5252 0
5253 0
5254 0
5255 0
5256 0
5257 0
5258 0
5259 0
5260 0
5261 0
5262 0
5263 0
5682 0
5683 0
5684 0
5685 0
5686 0
5687 0
5688 0
5689 0
5690 0
5691 0
5692 0
5693 0
5694 0
5695 0
5696 0
5697 0
5698 0
5699 0
5700 0
6119 0
6120 0
6121 0
6122 0
6123 0
6124 0
6125 0
6126 0
6127 0
6128 0
6129 0
6130 0
6131 0
6132 0
6133 0
6134 0
6135 0
6136 0
6137 0
6556 0
6557 0
6558 0
6559 0
6560 0
6561 0
6562 0
6563 0
6564 0
6565 0
6566 0
6567 0
6568 0
6569 0
6570 0
6571 0
6572 0
6573 0
6574 0
6993 0
6994 0
6995 0
6996 0
6997 0
6998 0
6999 0
7000 0
7001 0
7002 0
7003 0
7004 0
7005 0
7006 0
7007 0
7008 0
7009 0
7010 0
7011 0
7430 0
7431 0
7432 0
7433 0
7434 0
7435 0
7436 0
7437 0
7438 0
7439 0
7440 0
7441 0
7442 0
7443 0
7444 0
7445 0
7446 0
7447 0
7448 0
7867 0
7868 0
7869 0
7870 0
7871 0
7872 0
7873 0
7874 0
7875 0
7876 0
7877 0
7878 0
7879 0
7880 0
7881 0
7882 0
7883 0
7884 0
7885 0
8304 0
8305 0
8306 0
8307 0
8308 0
8309 0
8310 0
8311 0
8312 0
8313 0
8314 0
8315 0
8316 0
8317 0
8318 0
8319 0
8320 0
8321 0
8322 0
8741 0
8742 0
8743 0
8744 0
8745 0
8746 0
8747 0
8748 0
8749 0
8750 0
8751 0
8752 0
8753 0
8754 0
8755 0
8756 0
8757 0
8758 0
8759 0
9178 0
9179 0
9180 0
9181 0
9182 0
9183 0
9184 0
9185 0
9186 0
9187 0
9188 0
9189 0
9190 0
9191 0
9192 0
9193 0
9194 0
9195 0
9196 0
9615 0
9616 0
9617 0
9618 0
9619 0
9620 0
9621 0
9622 0
9623 0
9624 0
9625 0
9626 0
9627 0
9628 0
9629 0
9630 0
9631 0
9632 0
9633 0
10052 0
10053 0
10054 0
10055 0
10056 0
10057 0
10058 0
10059 0
10060 0
10061 0
10062 0
10063 0
10064 0
10065 0
10066 0
10067 0
10068 0
10069 0
10070 0
10489 0
10490 0
10491 0
10492 0
10493 0
10494 0
10495 0
10496 0
10497 0
10498 0
10499 0
10500 0
10501 0
10502 0
10503 0
10504 0
10505 0
10506 0
10507 0

19 0
38 0
57 0
76 0
95 0
114 0
133 0
152 0
171 0
190 0
209 0
228 0
247 0
266 0
285 0
304 0
323 0
342 0
361 0
380 0
399 0
418 0
437 0
456 0
475 0
494 0
513 0
532 0
551 0
570 0
589 0
608 0
627 0
646 0
665 0
684 0
703 0
722 0
741 0
760 0
779 0
798 0
817 0
836 0
855 0
874 0
893 0
912 0
931 0
950 0
969 0
988 0
1007 0
1026 0
1045 0
1064 0
1083 0
1102 0
1121 0
1140 0
1159 0
1178 0
1197 0
1216 0
1235 0
1254 0
1273 0
1292 0
1311 0
1330 0
1349 0
1368 0
1387 0
1406 0
1425 0
1444 0
1463 0
1482 0
1501 0
1520 0
1539 0
1558 0
1577 0
1596 0
1615 0
1634 0
1653 0
1672 0
1691 0
1710 0
1729 0
1748 0
1767 0
1786 0
1805 0
1824 0
1843 0
1862 0
1881 0
1900 0
1919 0
1938 0
1957 0
1976 0
1995 0
2014 0
2033 0
2052 0
2071 0
2090 0
2109 0
2128 0
2147 0
2166 0
2185 0
2204 0
2223 0
2242 0
2261 0
2280 0
2299 0
2318 0
2337 0
2356 0
2375 0
2394 0
2413 0
2432 0
2451 0
2470 0
2489 0
2508 0
2527 0
2546 0
2565 0
2584 0
2603 0
2622 0
2641 0
2660 0
2679 0
2698 0
2717 0
2736 0
2755 0
2774 0
2793 0
2812 0
2831 0
2850 0
2869 0
2888 0
2907 0
2926 0
2945 0
2964 0
2983 0
3002 0
3021 0
3040 0
3059 0
3078 0
3097 0
3116 0
3135 0
3154 0
3173 0
3192 0
3211 0
3230 0
3249 0
3268 0
3287 0
3306 0
3325 0
3344 0
3363 0
3382 0
3401 0
3420 0
3439 0
3458 0
3477 0
3496 0
3515 0
3534 0
3553 0
3572 0
3591 0
3610 0
3629 0
3648 0
3667 0
3686 0
3705 0
3724 0
3743 0
3762 0
3781 0
3800 0
3819 0
3838 0
3857 0
3876 0
3895 0
3914 0
3933 0
3952 0
3971 0
3990 0
4009 0
4028 0
4047 0
4066 0
4085 0
4104 0
4123 0
4142 0
4161 0
4180 0
4199 0
4218 0
4237 0
4256 0
4275 0
4294 0
4313 0
4332 0
4351 0
4370 0
4389 0
4408 0
4427 0
4446 0
4465 0
4484 0
4503 0
4522 0
4541 0
4560 0
4579 0
4598 0
4617 0
4636 0
4655 0
4674 0
4693 0
4712 0
4731 0
4750 0
4769 0
4788 0
4807 0
4826 0
4845 0
4864 0
4883 0
4902 0
4921 0
4940 0
4959 0
4978 0
4997 0
5016 0
5035 0
5054 0
5073 0
5092 0
5111 0
5130 0
5149 0
5168 0
5187 0
5206 0
5225 0
5244 0
5263 0
5282 0
5301 0
5320 0
5339 0
5358 0
5377 0
5396 0
5415 0
5434 0
5453 0
5472 0
5491 0
5510 0
5529 0
5548 0
5567 0
5586 0
5605 0
5624 0
5643 0
5662 0
5681 0
5700 0
5719 0
5738 0
5757 0
5776 0
5795 0
5814 0
5833 0
5852 0
5871 0
5890 0
5909 0
5928 0
5947 0
5966 0
5985 0
6004 0
6023 0
6042 0
6061 0
6080 0
6099 0
6118 0
6137 0
6156 0
6175 0
6194 0
6213 0
6232 0
6251 0
6270 0
6289 0
6308 0
6327 0
6346 0
6365 0
6384 0
6403 0
6422 0
6441 0
6460 0
6479 0
6498 0
6517 0
6536 0
6555 0
6574 0
6593 0
6612 0
6631 0
6650 0
6669 0
6688 0
6707 0
6726 0
6745 0
6764 0
6783 0
6802 0
6821 0
6840 0
6859 0
6878 0
6897 0
6916 0
6935 0
6954 0
6973 0
6992 0
7011 0
7030 0
7049 0
7068 0
7087 0
7106 0
7125 0
7144 0
7163 0
7182 0
7201 0
7220 0
7239 0
7258 0
7277 0
7296 0
7315 0
7334 0
7353 0
7372 0
7391 0
7410 0
7429 0
7448 0
7467 0
7486 0
7505 0
7524 0
7543 0
7562 0
7581 0
7600 0
7619 0
7638 0
7657 0
7676 0
7695 0
7714 0
7733 0
7752 0
7771 0
7790 0
7809 0
7828 0
7847 0
7866 0
7885 0
7904 0
7923 0
7942 0
7961 0
7980 0
7999 0
8018 0
8037 0
8056 0
8075 0
8094 0
8113 0
8132 0
8151 0
8170 0
8189 0
8208 0
8227 0
8246 0
8265 0
8284 0
8303 0
8322 0
8341 0
8360 0
8379 0
8398 0
8417 0
8436 0
8455 0
8474 0
8493 0
8512 0
8531 0
8550 0
8569 0
8588 0
8607 0
8626 0
8645 0
8664 0
8683 0
8702 0
8721 0
8740 0
8759 0
8778 0
8797 0
8816 0
8835 0
8854 0
8873 0
8892 0
8911 0
8930 0
8949 0
8968 0
8987 0
9006 0
9025 0
9044 0
9063 0
9082 0
9101 0
9120 0
9139 0
9158 0
9177 0
9196 0
9215 0
9234 0
9253 0
9272 0
9291 0
9310 0
9329 0
9348 0
9367 0
9386 0
9405 0
9424 0
9443 0
9462 0
9481 0
9500 0
9519 0
9538 0
9557 0
9576 0
9595 0
9614 0
9633 0
9652 0
9671 0
9690 0
9709 0
9728 0
9747 0
9766 0
9785 0
9804 0
9823 0
9842 0
9861 0
9880 0
9899 0
9918 0
9937 0
9956 0
9975 0
9994 0
10013 0
10032 0
10051 0
10070 0
10089 0
10108 0
10127 0
10146 0
10165 0
10184 0
10203 0
10222 0
10241 0
10260 0
10279 0
10298 0
10317 0
10336 0
10355 0
10374 0
10393 0
10412 0
10431 0
10450 0
10469 0
10488 0
10507 0
10526 0
10545 0
10564 0
10583 0
10602 0
10621 0
10640 0
10659 0
10678 0
10697 0
10716 0
10735 0
10754 0
10773 0
10792 0
10811 0
10830 0
10849 0
10868 0
10887 0
10906 0
10925 0

419 0
420 0
421 0
422 0
423 0
424 0
425 0
426 0
427 0
428 0
429 0
430 0
431 0
432 0
433 0
434 0
435 0
436 0
437 0
856 0
857 0
858 0
859 0
860 0
861 0
862 0
863 0
864 0
865 0
866 0
867 0
868 0
869 0
870 0
871 0
872 0
873 0
874 0
1293 0
1294 0
1295 0
1296 0
1297 0
1298 0
1299 0
1300 0
1301 0
1302 0
1303 0
1304 0
1305 0
1306 0
1307 0
1308 0
1309 0
1310 0
1311 0
1730 0
1731 0
1732 0
1733 0
1734 0
1735 0
1736 0
1737 0
1738 0
1739 0
1740 0
1741 0
1742 0
1743 0
1744 0
1745 0
1746 0
1747 0
1748 0
2167 0
2168 0
2169 0
2170 0
2171 0
2172 0
2173 0
2174 0
2175 0
2176 0
2177 0
2178 0
2179 0
2180 0
2181 0
2182 0
2183 0
2184 0
2185 0
2604 0
2605 0
2606 0
2607 0
2608 0
2609 0
2610 0
2611 0
2612 0
2613 0
2614 0
2615 0
2616 0
2617 0
2618 0
2619 0
2620 0
2621 0
2622 0
3041 0
3042 0
3043 0
3044 0
3045 0
3046 0
3047 0
3048 0
3049 0
3050 0
3051 0
3052 0
3053 0
3054 0
3055 0
3056 0
3057 0
3058 0
3059 0
3478 0
3479 0
3480 0
3481 0
3482 0
3483 0
3484 0
3485 0
3486 0
3487 0
3488 0
3489 0
3490 0
3491 0
3492 0
3493 0
3494 0
3495 0
3496 0
3915 0
3916 0
3917 0
3918 0
3919 0
3920 0
3921 0
3922 0
3923 0
3924 0
3925 0
3926 0
3927 0
3928 0
3929 0
3930 0
3931 0
3932 0
3933 0
4352 0
4353 0
4354 0
4355 0
4356 0
4357 0
4358 0
4359 0
4360 0
4361 0
4362 0
4363 0
4364 0
4365 0
4366 0
4367 0
4368 0
4369 0
4370 0
4789 0
4790 0
4791 0
4792 0
4793 0
4794 0
4795 0
4796 0
4797 0
4798 0
4799 0
4800 0
4801 0
4802 0
4803 0
4804 0
4805 0
4806 0
4807 0
5226 0
5227 0
5228 0
5229 0
5230 0
5231 0
5232 0
5233 0
5234 0
5235 0
5236 0
5237 0
5238 0
5239 0
5240 0
5241 0
5242 0
5243 0
5244 0
5663 0
5664 0
5665 0
5666 0
5667 0
5668 0
5669 0
5670 0
5671 0
5672 0
5673 0
5674 0
5675 0
5676 0
5677 0
5678 0
5679 0
5680 0
5681 0
6100 0
6101 0
6102 0
6103 0
6104 0
6105 0
6106 0
6107 0
6108 0
6109 0
6110 0
6111 0
6112 0
6113 0
6114 0
6115 0
6116 0
6117 0
6118 0
6537 0
6538 0
6539 0
6540 0
6541 0
6542 0
6543 0
6544 0
6545 0
6546 0
6547 0
6548 0
6549 0
6550 0
6551 0
6552 0
6553 0
6554 0
6555 0
6974 0
6975 0
6976 0
6977 0
6978 0
6979 0
6980 0
6981 0
6982 0
6983 0
6984 0
6985 0
6986 0
6987 0
6988 0
6989 0
6990 0
6991 0
6992 0
7411 0
7412 0
7413 0
7414 0
7415 0
7416 0
7417 0
7418 0
7419 0
7420 0
7421 0
7422 0
7423 0
7424 0
7425 0
7426 0
7427 0
7428 0
7429 0
7848 0
7849 0
7850 0
7851 0
7852 0
7853 0
7854 0
7855 0
7856 0
7857 0
7858 0
7859 0
7860 0
7861 0
7862 0
7863 0
7864 0
7865 0
7866 0
8285 0
8286 0
8287 0
8288 0
8289 0
8290 0
8291 0
8292 0
8293 0
8294 0
8295 0
8296 0
8297 0
8298 0
8299 0
8300 0
8301 0
8302 0
8303 0
8722 0
8723 0
8724 0
8725 0
8726 0
8727 0
8728 0
8729 0
8730 0
8731 0
8732 0
8733 0
8734 0
8735 0
8736 0
8737 0
8738 0
8739 0
8740 0
9159 0
9160 0
9161 0
9162 0
9163 0
9164 0
9165 0
9166 0
9167 0
9168 0
9169 0
9170 0
9171 0
9172 0
9173 0
9174 0
9175 0
9176 0
9177 0
9596 0
9597 0
9598 0
9599 0
9600 0
9601 0
9602 0
9603 0
9604 0
9605 0
9606 0
9607 0
9608 0
9609 0
9610 0
9611 0
9612 0
9613 0
9614 0
10033 0
10034 0
10035 0
10036 0
10037 0
10038 0
10039 0
10040 0
10041 0
10042 0
10043 0
10044 0
10045 0
10046 0
10047 0
10048 0
10049 0
10050 0
10051 0
10470 0
10471 0
10472 0
10473 0
10474 0
10475 0
10476 0
10477 0
10478 0
10479 0
10480 0
10481 0
10482 0
10483 0
10484 0
10485 0
10486 0
10487 0
10488 0
10907 0
10908 0
10909 0
10910 0
10911 0
10912 0
10913 0
10914 0
10915 0
10916 0
10917 0
10918 0
10919 0
10920 0
10921 0
10922 0
10923 0
10924 0
10925 0
