-290.00000000000000 1000.00000000000000 8.27257884743260
-265.00000000000000 1000.00000000000000 0.04215411337126
-240.00000000000000 1000.00000000000000 0.01671321511619
-215.00000000000000 1000.00000000000000 0.00775190194540
-190.00000000000000 1000.00000000000000 0.00478117030325
-165.00000000000000 1000.00000000000000 0.00181043866110
-140.00000000000000 1000.00000000000000 0.00117283373748
-115.00000000000000 1000.00000000000000 0.00094648410643
-90.00000000000000 1000.00000000000000 0.00072013447539
-65.00000000000000 1000.00000000000000 0.00049378484435
-40.00000000000000 1000.00000000000000 0.00026743521330
-15.00000000000000 1000.00000000000000 0.00014480460325
10.00000000000000 1000.00000000000000 0.00013047224904
35.00000000000000 1000.00000000000000 0.00011613989483
60.00000000000000 1000.00000000000000 0.00010180754062
85.00000000000000 1000.00000000000000 0.00008747518641
110.00000000000000 1000.00000000000000 0.00007314283220
135.00000000000000 1000.00000000000000 0.00005881047799
160.00000000000000 1000.00000000000000 0.00004447812378
185.00000000000000 1000.00000000000000 0.00003014576957
210.00000000000000 1000.00000000000000 0.00001589774354
235.00000000000000 1000.00000000000000 0.00001511431932
235.00000000000000 1000.00000000000000 0.00001511431932
