-67.6475672759251000
197.6334080632140000
397.0927880174540000
547.0622466296650000
659.8212380674170000
744.6024346371550000
808.3476952159060000
856.2764625683500000
892.3131297506390000
919.4083682335630000
939.7807279951600000
955.0982917256840000
966.6152569366040000
975.2746292756420000
981.7854355455960000
986.6807786057110000
990.3614876734670000
993.1289381003510000
995.2097278950000000
996.7742315000000000
997.9505500000000000
998.8350000000000000
999.5000000000000000
1000.0000000000000000