-290.00000000000000 1000.00000000000000 34.97986086454078
-265.00000000000000 1000.00000000000000 0.04969475652126
-240.00000000000000 1000.00000000000000 0.02057704568542
-215.00000000000000 1000.00000000000000 0.01166985198507
-190.00000000000000 1000.00000000000000 0.00764101409318
-165.00000000000000 1000.00000000000000 0.00543247326138
-140.00000000000000 1000.00000000000000 0.00407286039491
-115.00000000000000 1000.00000000000000 0.00320545143900
-90.00000000000000 1000.00000000000000 0.00259823569989
-65.00000000000000 1000.00000000000000 0.00216635147141
-40.00000000000000 1000.00000000000000 0.00181051963955
-15.00000000000000 1000.00000000000000 0.00156142542051
10.00000000000000 1000.00000000000000 0.00133913064350
35.00000000000000 1000.00000000000000 0.00119872053595
60.00000000000000 1000.00000000000000 0.00106080969299
85.00000000000000 1000.00000000000000 0.00093490337005
110.00000000000000 1000.00000000000000 0.00084987836201
135.00000000000000 1000.00000000000000 0.00076485335397
160.00000000000000 1000.00000000000000 0.00069539833495
185.00000000000000 1000.00000000000000 0.00064256957169
210.00000000000000 1000.00000000000000 0.00058974080843
235.00000000000000 1000.00000000000000 0.00053691204517
235.00000000000000 1000.00000000000000 0.00053691204517
