-1032.2929286665300000
-709.5825469865540000
-494.4422925332370000
-351.0154562310250000
-255.3975653628840000
-191.6523047841230000
-143.7235374316720000
-107.6868702493770000
-80.5916317664490000
-60.2192720048489000
-44.9017082743225000
-33.3847430634004000
-24.7253707243612000
-18.2145644544069000
-13.3192213942909000
-9.6385123265345100
-6.8710618996500000
-4.7902721050000000
-3.2257685000000000
-2.0494500000000000
-1.1650000000000000
-0.5000000000000000
0.0000000000000000
0.5000000000000000
1.1650000000000000
2.0494500000000000
3.2257685000000000
4.7902721050000000
6.8710618996500000
9.6385123265345100
13.3192213942909000
18.2145644544069000
24.7253707243612000
33.3847430634004000
44.9017082743225000
60.2192720048489000
80.5916317664490000
107.6868702493770000
143.7235374316720000
191.6523047841230000
255.3975653628840000
351.0154562310250000
494.4422925332370000
709.5825469865540000
1032.2929286665300000