
-290.0000000000000000 0.0000000000000000 1000.0000000000000000
-265.0000000000000000 0.0000000000000000 1000.0000000000000000
-240.0000000000000000 0.0000000000000000 1000.0000000000000000
-215.0000000000000000 0.0000000000000000 1000.0000000000000000
-190.0000000000000000 0.0000000000000000 1000.0000000000000000
-165.0000000000000000 0.0000000000000000 1000.0000000000000000
-140.0000000000000000 0.0000000000000000 1000.0000000000000000
-115.0000000000000000 0.0000000000000000 1000.0000000000000000
-90.0000000000000000 0.0000000000000000 1000.0000000000000000
-65.0000000000000000 0.0000000000000000 1000.0000000000000000
-40.0000000000000000 0.0000000000000000 1000.0000000000000000
-15.0000000000000000 0.0000000000000000 1000.0000000000000000
10.0000000000000036 0.0000000000000000 1000.0000000000000000
35.0000000000000000 0.0000000000000000 1000.0000000000000000
60.0000000000000000 0.0000000000000000 1000.0000000000000000
85.0000000000000000 0.0000000000000000 1000.0000000000000000
110.0000000000000000 0.0000000000000000 1000.0000000000000000
135.0000000000000000 0.0000000000000000 1000.0000000000000000
160.0000000000000000 0.0000000000000000 1000.0000000000000000
185.0000000000000000 0.0000000000000000 1000.0000000000000000
210.0000000000000000 0.0000000000000000 1000.0000000000000000
235.0000000000000000 0.0000000000000000 1000.0000000000000000
