-290.00000000000000 1000.00000000000000 17.36085535803879
-265.00000000000000 1000.00000000000000 0.04496828865843
-240.00000000000000 1000.00000000000000 0.01666894186041
-215.00000000000000 1000.00000000000000 0.00782401649958
-190.00000000000000 1000.00000000000000 0.00414396737936
-165.00000000000000 1000.00000000000000 0.00221525570169
-140.00000000000000 1000.00000000000000 0.00147169493346
-115.00000000000000 1000.00000000000000 0.00093703819952
-90.00000000000000 1000.00000000000000 0.00061554758517
-65.00000000000000 1000.00000000000000 0.00046895144780
-40.00000000000000 1000.00000000000000 0.00032235531043
-15.00000000000000 1000.00000000000000 0.00022811674430
10.00000000000000 1000.00000000000000 0.00018854735642
35.00000000000000 1000.00000000000000 0.00014897796854
60.00000000000000 1000.00000000000000 0.00010940858067
85.00000000000000 1000.00000000000000 0.00008198441755
110.00000000000000 1000.00000000000000 0.00007138370863
135.00000000000000 1000.00000000000000 0.00006078299971
160.00000000000000 1000.00000000000000 0.00005018229079
185.00000000000000 1000.00000000000000 0.00003958158187
210.00000000000000 1000.00000000000000 0.00002903033133
235.00000000000000 1000.00000000000000 0.00002637605543
235.00000000000000 1000.00000000000000 0.00002637605543
