-1856.6952965840500000
-1364.0646699055800000
-1035.6442521199300000
-816.6973069295040000
-670.7326768025510000
-573.4229233845830000
-508.5497544392700000
-465.3009751423950000
-436.4684556111450000
-417.2467759236450000
-404.4323227986450000
-395.8893540486450000
-390.1940415486450000
-386.3971665486450000
-383.8659165486450000
-382.1784165486450000
-381.0534165486450000
-380.3034165486450000
-379.8034165486450000
-379.3034165486450000
-378.6384165486450000
-377.7539665486450000
-376.5776480486450000
-375.0131444436450000
-372.9323546489950000
-370.1649042221100000
-366.4841951543540000
-361.5888520942380000
-355.0780458242840000
-346.4186734852450000
-334.9017082743230000
-323.3847430634000000
-314.7253707243610000
-308.2145644544070000
-303.3192213942910000
-299.6385123265350000
-296.8710618996500000
-294.7902721050000000
-293.2257685000000000
-292.0494500000000000
-291.1650000000000000
-290.5000000000000000
-290.0000000000000000
-289.5000000000000000
-288.8350000000000000
-287.9505500000000000
-286.7742315000000000
-285.2097278950000000
-283.1289381003500000
-280.3614876734650000
-276.6807786057090000
-271.7854355455930000
-265.2746292756380000
-256.6152569365990000
-245.0982917256760000
-229.7807279951500000
-209.4083682335490000
-182.3131297506200000
-141.6702720262270000
-80.7059854396366000
10.7404444402484000
147.9100892600760000
353.6645564898170000
627.3179979053730000
991.2770749880630000