-1856.7 -1032.29 1000
-1364.06 -1032.29 1000
-1035.64 -1032.29 1000
-816.697 -1032.29 1000
-670.733 -1032.29 1000
-573.423 -1032.29 1000
-508.55 -1032.29 1000
-465.301 -1032.29 1000
-436.468 -1032.29 1000
-417.247 -1032.29 1000
-404.432 -1032.29 1000
-395.889 -1032.29 1000
-390.194 -1032.29 1000
-386.397 -1032.29 1000
-383.866 -1032.29 1000
-382.178 -1032.29 1000
-381.053 -1032.29 1000
-380.303 -1032.29 1000
-379.803 -1032.29 1000
-379.303 -1032.29 1000
-378.638 -1032.29 1000
-377.754 -1032.29 1000
-376.578 -1032.29 1000
-375.013 -1032.29 1000
-372.932 -1032.29 1000
-370.165 -1032.29 1000
-366.484 -1032.29 1000
-361.589 -1032.29 1000
-355.078 -1032.29 1000
-346.419 -1032.29 1000
-334.902 -1032.29 1000
-323.385 -1032.29 1000
-314.725 -1032.29 1000
-308.215 -1032.29 1000
-303.319 -1032.29 1000
-299.639 -1032.29 1000
-296.871 -1032.29 1000
-294.79 -1032.29 1000
-293.226 -1032.29 1000
-292.049 -1032.29 1000
-291.165 -1032.29 1000
-290.5 -1032.29 1000
-290 -1032.29 1000
-289.5 -1032.29 1000
-288.835 -1032.29 1000
-287.951 -1032.29 1000
-286.774 -1032.29 1000
-285.21 -1032.29 1000
-283.129 -1032.29 1000
-280.361 -1032.29 1000
-276.681 -1032.29 1000
-271.785 -1032.29 1000
-265.275 -1032.29 1000
-256.615 -1032.29 1000
-245.098 -1032.29 1000
-229.781 -1032.29 1000
-209.408 -1032.29 1000
-182.313 -1032.29 1000
-141.67 -1032.29 1000
-80.706 -1032.29 1000
10.7404 -1032.29 1000
147.91 -1032.29 1000
353.665 -1032.29 1000
627.318 -1032.29 1000
991.277 -1032.29 1000
-1856.7 -709.583 1000
-1364.06 -709.583 1000
-1035.64 -709.583 1000
-816.697 -709.583 1000
-670.733 -709.583 1000
-573.423 -709.583 1000
-508.55 -709.583 1000
-465.301 -709.583 1000
-436.468 -709.583 1000
-417.247 -709.583 1000
-404.432 -709.583 1000
-395.889 -709.583 1000
-390.194 -709.583 1000
-386.397 -709.583 1000
-383.866 -709.583 1000
-382.178 -709.583 1000
-381.053 -709.583 1000
-380.303 -709.583 1000
-379.803 -709.583 1000
-379.303 -709.583 1000
-378.638 -709.583 1000
-377.754 -709.583 1000
-376.578 -709.583 1000
-375.013 -709.583 1000
-372.932 -709.583 1000
-370.165 -709.583 1000
-366.484 -709.583 1000
-361.589 -709.583 1000
-355.078 -709.583 1000
-346.419 -709.583 1000
-334.902 -709.583 1000
-323.385 -709.583 1000
-314.725 -709.583 1000
-308.215 -709.583 1000
-303.319 -709.583 1000
-299.639 -709.583 1000
-296.871 -709.583 1000
-294.79 -709.583 1000
-293.226 -709.583 1000
-292.049 -709.583 1000
-291.165 -709.583 1000
-290.5 -709.583 1000
-290 -709.583 1000
-289.5 -709.583 1000
-288.835 -709.583 1000
-287.951 -709.583 1000
-286.774 -709.583 1000
-285.21 -709.583 1000
-283.129 -709.583 1000
-280.361 -709.583 1000
-276.681 -709.583 1000
-271.785 -709.583 1000
-265.275 -709.583 1000
-256.615 -709.583 1000
-245.098 -709.583 1000
-229.781 -709.583 1000
-209.408 -709.583 1000
-182.313 -709.583 1000
-141.67 -709.583 1000
-80.706 -709.583 1000
10.7404 -709.583 1000
147.91 -709.583 1000
353.665 -709.583 1000
627.318 -709.583 1000
991.277 -709.583 1000
-1856.7 -494.442 1000
-1364.06 -494.442 1000
-1035.64 -494.442 1000
-816.697 -494.442 1000
-670.733 -494.442 1000
-573.423 -494.442 1000
-508.55 -494.442 1000
-465.301 -494.442 1000
-436.468 -494.442 1000
-417.247 -494.442 1000
-404.432 -494.442 1000
-395.889 -494.442 1000
-390.194 -494.442 1000
-386.397 -494.442 1000
-383.866 -494.442 1000
-382.178 -494.442 1000
-381.053 -494.442 1000
-380.303 -494.442 1000
-379.803 -494.442 1000
-379.303 -494.442 1000
-378.638 -494.442 1000
-377.754 -494.442 1000
-376.578 -494.442 1000
-375.013 -494.442 1000
-372.932 -494.442 1000
-370.165 -494.442 1000
-366.484 -494.442 1000
-361.589 -494.442 1000
-355.078 -494.442 1000
-346.419 -494.442 1000
-334.902 -494.442 1000
-323.385 -494.442 1000
-314.725 -494.442 1000
-308.215 -494.442 1000
-303.319 -494.442 1000
-299.639 -494.442 1000
-296.871 -494.442 1000
-294.79 -494.442 1000
-293.226 -494.442 1000
-292.049 -494.442 1000
-291.165 -494.442 1000
-290.5 -494.442 1000
-290 -494.442 1000
-289.5 -494.442 1000
-288.835 -494.442 1000
-287.951 -494.442 1000
-286.774 -494.442 1000
-285.21 -494.442 1000
-283.129 -494.442 1000
-280.361 -494.442 1000
-276.681 -494.442 1000
-271.785 -494.442 1000
-265.275 -494.442 1000
-256.615 -494.442 1000
-245.098 -494.442 1000
-229.781 -494.442 1000
-209.408 -494.442 1000
-182.313 -494.442 1000
-141.67 -494.442 1000
-80.706 -494.442 1000
10.7404 -494.442 1000
147.91 -494.442 1000
353.665 -494.442 1000
627.318 -494.442 1000
991.277 -494.442 1000
-1856.7 -351.015 1000
-1364.06 -351.015 1000
-1035.64 -351.015 1000
-816.697 -351.015 1000
-670.733 -351.015 1000
-573.423 -351.015 1000
-508.55 -351.015 1000
-465.301 -351.015 1000
-436.468 -351.015 1000
-417.247 -351.015 1000
-404.432 -351.015 1000
-395.889 -351.015 1000
-390.194 -351.015 1000
-386.397 -351.015 1000
-383.866 -351.015 1000
-382.178 -351.015 1000
-381.053 -351.015 1000
-380.303 -351.015 1000
-379.803 -351.015 1000
-379.303 -351.015 1000
-378.638 -351.015 1000
-377.754 -351.015 1000
-376.578 -351.015 1000
-375.013 -351.015 1000
-372.932 -351.015 1000
-370.165 -351.015 1000
-366.484 -351.015 1000
-361.589 -351.015 1000
-355.078 -351.015 1000
-346.419 -351.015 1000
-334.902 -351.015 1000
-323.385 -351.015 1000
-314.725 -351.015 1000
-308.215 -351.015 1000
-303.319 -351.015 1000
-299.639 -351.015 1000
-296.871 -351.015 1000
-294.79 -351.015 1000
-293.226 -351.015 1000
-292.049 -351.015 1000
-291.165 -351.015 1000
-290.5 -351.015 1000
-290 -351.015 1000
-289.5 -351.015 1000
-288.835 -351.015 1000
-287.951 -351.015 1000
-286.774 -351.015 1000
-285.21 -351.015 1000
-283.129 -351.015 1000
-280.361 -351.015 1000
-276.681 -351.015 1000
-271.785 -351.015 1000
-265.275 -351.015 1000
-256.615 -351.015 1000
-245.098 -351.015 1000
-229.781 -351.015 1000
-209.408 -351.015 1000
-182.313 -351.015 1000
-141.67 -351.015 1000
-80.706 -351.015 1000
10.7404 -351.015 1000
147.91 -351.015 1000
353.665 -351.015 1000
627.318 -351.015 1000
991.277 -351.015 1000
-1856.7 -255.398 1000
-1364.06 -255.398 1000
-1035.64 -255.398 1000
-816.697 -255.398 1000
-670.733 -255.398 1000
-573.423 -255.398 1000
-508.55 -255.398 1000
-465.301 -255.398 1000
-436.468 -255.398 1000
-417.247 -255.398 1000
-404.432 -255.398 1000
-395.889 -255.398 1000
-390.194 -255.398 1000
-386.397 -255.398 1000
-383.866 -255.398 1000
-382.178 -255.398 1000
-381.053 -255.398 1000
-380.303 -255.398 1000
-379.803 -255.398 1000
-379.303 -255.398 1000
-378.638 -255.398 1000
-377.754 -255.398 1000
-376.578 -255.398 1000
-375.013 -255.398 1000
-372.932 -255.398 1000
-370.165 -255.398 1000
-366.484 -255.398 1000
-361.589 -255.398 1000
-355.078 -255.398 1000
-346.419 -255.398 1000
-334.902 -255.398 1000
-323.385 -255.398 1000
-314.725 -255.398 1000
-308.215 -255.398 1000
-303.319 -255.398 1000
-299.639 -255.398 1000
-296.871 -255.398 1000
-294.79 -255.398 1000
-293.226 -255.398 1000
-292.049 -255.398 1000
-291.165 -255.398 1000
-290.5 -255.398 1000
-290 -255.398 1000
-289.5 -255.398 1000
-288.835 -255.398 1000
-287.951 -255.398 1000
-286.774 -255.398 1000
-285.21 -255.398 1000
-283.129 -255.398 1000
-280.361 -255.398 1000
-276.681 -255.398 1000
-271.785 -255.398 1000
-265.275 -255.398 1000
-256.615 -255.398 1000
-245.098 -255.398 1000
-229.781 -255.398 1000
-209.408 -255.398 1000
-182.313 -255.398 1000
-141.67 -255.398 1000
-80.706 -255.398 1000
10.7404 -255.398 1000
147.91 -255.398 1000
353.665 -255.398 1000
627.318 -255.398 1000
991.277 -255.398 1000
-1856.7 -191.652 1000
-1364.06 -191.652 1000
-1035.64 -191.652 1000
-816.697 -191.652 1000
-670.733 -191.652 1000
-573.423 -191.652 1000
-508.55 -191.652 1000
-465.301 -191.652 1000
-436.468 -191.652 1000
-417.247 -191.652 1000
-404.432 -191.652 1000
-395.889 -191.652 1000
-390.194 -191.652 1000
-386.397 -191.652 1000
-383.866 -191.652 1000
-382.178 -191.652 1000
-381.053 -191.652 1000
-380.303 -191.652 1000
-379.803 -191.652 1000
-379.303 -191.652 1000
-378.638 -191.652 1000
-377.754 -191.652 1000
-376.578 -191.652 1000
-375.013 -191.652 1000
-372.932 -191.652 1000
-370.165 -191.652 1000
-366.484 -191.652 1000
-361.589 -191.652 1000
-355.078 -191.652 1000
-346.419 -191.652 1000
-334.902 -191.652 1000
-323.385 -191.652 1000
-314.725 -191.652 1000
-308.215 -191.652 1000
-303.319 -191.652 1000
-299.639 -191.652 1000
-296.871 -191.652 1000
-294.79 -191.652 1000
-293.226 -191.652 1000
-292.049 -191.652 1000
-291.165 -191.652 1000
-290.5 -191.652 1000
-290 -191.652 1000
-289.5 -191.652 1000
-288.835 -191.652 1000
-287.951 -191.652 1000
-286.774 -191.652 1000
-285.21 -191.652 1000
-283.129 -191.652 1000
-280.361 -191.652 1000
-276.681 -191.652 1000
-271.785 -191.652 1000
-265.275 -191.652 1000
-256.615 -191.652 1000
-245.098 -191.652 1000
-229.781 -191.652 1000
-209.408 -191.652 1000
-182.313 -191.652 1000
-141.67 -191.652 1000
-80.706 -191.652 1000
10.7404 -191.652 1000
147.91 -191.652 1000
353.665 -191.652 1000
627.318 -191.652 1000
991.277 -191.652 1000
-1856.7 -143.724 1000
-1364.06 -143.724 1000
-1035.64 -143.724 1000
-816.697 -143.724 1000
-670.733 -143.724 1000
-573.423 -143.724 1000
-508.55 -143.724 1000
-465.301 -143.724 1000
-436.468 -143.724 1000
-417.247 -143.724 1000
-404.432 -143.724 1000
-395.889 -143.724 1000
-390.194 -143.724 1000
-386.397 -143.724 1000
-383.866 -143.724 1000
-382.178 -143.724 1000
-381.053 -143.724 1000
-380.303 -143.724 1000
-379.803 -143.724 1000
-379.303 -143.724 1000
-378.638 -143.724 1000
-377.754 -143.724 1000
-376.578 -143.724 1000
-375.013 -143.724 1000
-372.932 -143.724 1000
-370.165 -143.724 1000
-366.484 -143.724 1000
-361.589 -143.724 1000
-355.078 -143.724 1000
-346.419 -143.724 1000
-334.902 -143.724 1000
-323.385 -143.724 1000
-314.725 -143.724 1000
-308.215 -143.724 1000
-303.319 -143.724 1000
-299.639 -143.724 1000
-296.871 -143.724 1000
-294.79 -143.724 1000
-293.226 -143.724 1000
-292.049 -143.724 1000
-291.165 -143.724 1000
-290.5 -143.724 1000
-290 -143.724 1000
-289.5 -143.724 1000
-288.835 -143.724 1000
-287.951 -143.724 1000
-286.774 -143.724 1000
-285.21 -143.724 1000
-283.129 -143.724 1000
-280.361 -143.724 1000
-276.681 -143.724 1000
-271.785 -143.724 1000
-265.275 -143.724 1000
-256.615 -143.724 1000
-245.098 -143.724 1000
-229.781 -143.724 1000
-209.408 -143.724 1000
-182.313 -143.724 1000
-141.67 -143.724 1000
-80.706 -143.724 1000
10.7404 -143.724 1000
147.91 -143.724 1000
353.665 -143.724 1000
627.318 -143.724 1000
991.277 -143.724 1000
-1856.7 -107.687 1000
-1364.06 -107.687 1000
-1035.64 -107.687 1000
-816.697 -107.687 1000
-670.733 -107.687 1000
-573.423 -107.687 1000
-508.55 -107.687 1000
-465.301 -107.687 1000
-436.468 -107.687 1000
-417.247 -107.687 1000
-404.432 -107.687 1000
-395.889 -107.687 1000
-390.194 -107.687 1000
-386.397 -107.687 1000
-383.866 -107.687 1000
-382.178 -107.687 1000
-381.053 -107.687 1000
-380.303 -107.687 1000
-379.803 -107.687 1000
-379.303 -107.687 1000
-378.638 -107.687 1000
-377.754 -107.687 1000
-376.578 -107.687 1000
-375.013 -107.687 1000
-372.932 -107.687 1000
-370.165 -107.687 1000
-366.484 -107.687 1000
-361.589 -107.687 1000
-355.078 -107.687 1000
-346.419 -107.687 1000
-334.902 -107.687 1000
-323.385 -107.687 1000
-314.725 -107.687 1000
-308.215 -107.687 1000
-303.319 -107.687 1000
-299.639 -107.687 1000
-296.871 -107.687 1000
-294.79 -107.687 1000
-293.226 -107.687 1000
-292.049 -107.687 1000
-291.165 -107.687 1000
-290.5 -107.687 1000
-290 -107.687 1000
-289.5 -107.687 1000
-288.835 -107.687 1000
-287.951 -107.687 1000
-286.774 -107.687 1000
-285.21 -107.687 1000
-283.129 -107.687 1000
-280.361 -107.687 1000
-276.681 -107.687 1000
-271.785 -107.687 1000
-265.275 -107.687 1000
-256.615 -107.687 1000
-245.098 -107.687 1000
-229.781 -107.687 1000
-209.408 -107.687 1000
-182.313 -107.687 1000
-141.67 -107.687 1000
-80.706 -107.687 1000
10.7404 -107.687 1000
147.91 -107.687 1000
353.665 -107.687 1000
627.318 -107.687 1000
991.277 -107.687 1000
-1856.7 -80.5916 1000
-1364.06 -80.5916 1000
-1035.64 -80.5916 1000
-816.697 -80.5916 1000
-670.733 -80.5916 1000
-573.423 -80.5916 1000
-508.55 -80.5916 1000
-465.301 -80.5916 1000
-436.468 -80.5916 1000
-417.247 -80.5916 1000
-404.432 -80.5916 1000
-395.889 -80.5916 1000
-390.194 -80.5916 1000
-386.397 -80.5916 1000
-383.866 -80.5916 1000
-382.178 -80.5916 1000
-381.053 -80.5916 1000
-380.303 -80.5916 1000
-379.803 -80.5916 1000
-379.303 -80.5916 1000
-378.638 -80.5916 1000
-377.754 -80.5916 1000
-376.578 -80.5916 1000
-375.013 -80.5916 1000
-372.932 -80.5916 1000
-370.165 -80.5916 1000
-366.484 -80.5916 1000
-361.589 -80.5916 1000
-355.078 -80.5916 1000
-346.419 -80.5916 1000
-334.902 -80.5916 1000
-323.385 -80.5916 1000
-314.725 -80.5916 1000
-308.215 -80.5916 1000
-303.319 -80.5916 1000
-299.639 -80.5916 1000
-296.871 -80.5916 1000
-294.79 -80.5916 1000
-293.226 -80.5916 1000
-292.049 -80.5916 1000
-291.165 -80.5916 1000
-290.5 -80.5916 1000
-290 -80.5916 1000
-289.5 -80.5916 1000
-288.835 -80.5916 1000
-287.951 -80.5916 1000
-286.774 -80.5916 1000
-285.21 -80.5916 1000
-283.129 -80.5916 1000
-280.361 -80.5916 1000
-276.681 -80.5916 1000
-271.785 -80.5916 1000
-265.275 -80.5916 1000
-256.615 -80.5916 1000
-245.098 -80.5916 1000
-229.781 -80.5916 1000
-209.408 -80.5916 1000
-182.313 -80.5916 1000
-141.67 -80.5916 1000
-80.706 -80.5916 1000
10.7404 -80.5916 1000
147.91 -80.5916 1000
353.665 -80.5916 1000
627.318 -80.5916 1000
991.277 -80.5916 1000
-1856.7 -60.2193 1000
-1364.06 -60.2193 1000
-1035.64 -60.2193 1000
-816.697 -60.2193 1000
-670.733 -60.2193 1000
-573.423 -60.2193 1000
-508.55 -60.2193 1000
-465.301 -60.2193 1000
-436.468 -60.2193 1000
-417.247 -60.2193 1000
-404.432 -60.2193 1000
-395.889 -60.2193 1000
-390.194 -60.2193 1000
-386.397 -60.2193 1000
-383.866 -60.2193 1000
-382.178 -60.2193 1000
-381.053 -60.2193 1000
-380.303 -60.2193 1000
-379.803 -60.2193 1000
-379.303 -60.2193 1000
-378.638 -60.2193 1000
-377.754 -60.2193 1000
-376.578 -60.2193 1000
-375.013 -60.2193 1000
-372.932 -60.2193 1000
-370.165 -60.2193 1000
-366.484 -60.2193 1000
-361.589 -60.2193 1000
-355.078 -60.2193 1000
-346.419 -60.2193 1000
-334.902 -60.2193 1000
-323.385 -60.2193 1000
-314.725 -60.2193 1000
-308.215 -60.2193 1000
-303.319 -60.2193 1000
-299.639 -60.2193 1000
-296.871 -60.2193 1000
-294.79 -60.2193 1000
-293.226 -60.2193 1000
-292.049 -60.2193 1000
-291.165 -60.2193 1000
-290.5 -60.2193 1000
-290 -60.2193 1000
-289.5 -60.2193 1000
-288.835 -60.2193 1000
-287.951 -60.2193 1000
-286.774 -60.2193 1000
-285.21 -60.2193 1000
-283.129 -60.2193 1000
-280.361 -60.2193 1000
-276.681 -60.2193 1000
-271.785 -60.2193 1000
-265.275 -60.2193 1000
-256.615 -60.2193 1000
-245.098 -60.2193 1000
-229.781 -60.2193 1000
-209.408 -60.2193 1000
-182.313 -60.2193 1000
-141.67 -60.2193 1000
-80.706 -60.2193 1000
10.7404 -60.2193 1000
147.91 -60.2193 1000
353.665 -60.2193 1000
627.318 -60.2193 1000
991.277 -60.2193 1000
-1856.7 -44.9017 1000
-1364.06 -44.9017 1000
-1035.64 -44.9017 1000
-816.697 -44.9017 1000
-670.733 -44.9017 1000
-573.423 -44.9017 1000
-508.55 -44.9017 1000
-465.301 -44.9017 1000
-436.468 -44.9017 1000
-417.247 -44.9017 1000
-404.432 -44.9017 1000
-395.889 -44.9017 1000
-390.194 -44.9017 1000
-386.397 -44.9017 1000
-383.866 -44.9017 1000
-382.178 -44.9017 1000
-381.053 -44.9017 1000
-380.303 -44.9017 1000
-379.803 -44.9017 1000
-379.303 -44.9017 1000
-378.638 -44.9017 1000
-377.754 -44.9017 1000
-376.578 -44.9017 1000
-375.013 -44.9017 1000
-372.932 -44.9017 1000
-370.165 -44.9017 1000
-366.484 -44.9017 1000
-361.589 -44.9017 1000
-355.078 -44.9017 1000
-346.419 -44.9017 1000
-334.902 -44.9017 1000
-323.385 -44.9017 1000
-314.725 -44.9017 1000
-308.215 -44.9017 1000
-303.319 -44.9017 1000
-299.639 -44.9017 1000
-296.871 -44.9017 1000
-294.79 -44.9017 1000
-293.226 -44.9017 1000
-292.049 -44.9017 1000
-291.165 -44.9017 1000
-290.5 -44.9017 1000
-290 -44.9017 1000
-289.5 -44.9017 1000
-288.835 -44.9017 1000
-287.951 -44.9017 1000
-286.774 -44.9017 1000
-285.21 -44.9017 1000
-283.129 -44.9017 1000
-280.361 -44.9017 1000
-276.681 -44.9017 1000
-271.785 -44.9017 1000
-265.275 -44.9017 1000
-256.615 -44.9017 1000
-245.098 -44.9017 1000
-229.781 -44.9017 1000
-209.408 -44.9017 1000
-182.313 -44.9017 1000
-141.67 -44.9017 1000
-80.706 -44.9017 1000
10.7404 -44.9017 1000
147.91 -44.9017 1000
353.665 -44.9017 1000
627.318 -44.9017 1000
991.277 -44.9017 1000
-1856.7 -33.3847 1000
-1364.06 -33.3847 1000
-1035.64 -33.3847 1000
-816.697 -33.3847 1000
-670.733 -33.3847 1000
-573.423 -33.3847 1000
-508.55 -33.3847 1000
-465.301 -33.3847 1000
-436.468 -33.3847 1000
-417.247 -33.3847 1000
-404.432 -33.3847 1000
-395.889 -33.3847 1000
-390.194 -33.3847 1000
-386.397 -33.3847 1000
-383.866 -33.3847 1000
-382.178 -33.3847 1000
-381.053 -33.3847 1000
-380.303 -33.3847 1000
-379.803 -33.3847 1000
-379.303 -33.3847 1000
-378.638 -33.3847 1000
-377.754 -33.3847 1000
-376.578 -33.3847 1000
-375.013 -33.3847 1000
-372.932 -33.3847 1000
-370.165 -33.3847 1000
-366.484 -33.3847 1000
-361.589 -33.3847 1000
-355.078 -33.3847 1000
-346.419 -33.3847 1000
-334.902 -33.3847 1000
-323.385 -33.3847 1000
-314.725 -33.3847 1000
-308.215 -33.3847 1000
-303.319 -33.3847 1000
-299.639 -33.3847 1000
-296.871 -33.3847 1000
-294.79 -33.3847 1000
-293.226 -33.3847 1000
-292.049 -33.3847 1000
-291.165 -33.3847 1000
-290.5 -33.3847 1000
-290 -33.3847 1000
-289.5 -33.3847 1000
-288.835 -33.3847 1000
-287.951 -33.3847 1000
-286.774 -33.3847 1000
-285.21 -33.3847 1000
-283.129 -33.3847 1000
-280.361 -33.3847 1000
-276.681 -33.3847 1000
-271.785 -33.3847 1000
-265.275 -33.3847 1000
-256.615 -33.3847 1000
-245.098 -33.3847 1000
-229.781 -33.3847 1000
-209.408 -33.3847 1000
-182.313 -33.3847 1000
-141.67 -33.3847 1000
-80.706 -33.3847 1000
10.7404 -33.3847 1000
147.91 -33.3847 1000
353.665 -33.3847 1000
627.318 -33.3847 1000
991.277 -33.3847 1000
-1856.7 -24.7254 1000
-1364.06 -24.7254 1000
-1035.64 -24.7254 1000
-816.697 -24.7254 1000
-670.733 -24.7254 1000
-573.423 -24.7254 1000
-508.55 -24.7254 1000
-465.301 -24.7254 1000
-436.468 -24.7254 1000
-417.247 -24.7254 1000
-404.432 -24.7254 1000
-395.889 -24.7254 1000
-390.194 -24.7254 1000
-386.397 -24.7254 1000
-383.866 -24.7254 1000
-382.178 -24.7254 1000
-381.053 -24.7254 1000
-380.303 -24.7254 1000
-379.803 -24.7254 1000
-379.303 -24.7254 1000
-378.638 -24.7254 1000
-377.754 -24.7254 1000
-376.578 -24.7254 1000
-375.013 -24.7254 1000
-372.932 -24.7254 1000
-370.165 -24.7254 1000
-366.484 -24.7254 1000
-361.589 -24.7254 1000
-355.078 -24.7254 1000
-346.419 -24.7254 1000
-334.902 -24.7254 1000
-323.385 -24.7254 1000
-314.725 -24.7254 1000
-308.215 -24.7254 1000
-303.319 -24.7254 1000
-299.639 -24.7254 1000
-296.871 -24.7254 1000
-294.79 -24.7254 1000
-293.226 -24.7254 1000
-292.049 -24.7254 1000
-291.165 -24.7254 1000
-290.5 -24.7254 1000
-290 -24.7254 1000
-289.5 -24.7254 1000
-288.835 -24.7254 1000
-287.951 -24.7254 1000
-286.774 -24.7254 1000
-285.21 -24.7254 1000
-283.129 -24.7254 1000
-280.361 -24.7254 1000
-276.681 -24.7254 1000
-271.785 -24.7254 1000
-265.275 -24.7254 1000
-256.615 -24.7254 1000
-245.098 -24.7254 1000
-229.781 -24.7254 1000
-209.408 -24.7254 1000
-182.313 -24.7254 1000
-141.67 -24.7254 1000
-80.706 -24.7254 1000
10.7404 -24.7254 1000
147.91 -24.7254 1000
353.665 -24.7254 1000
627.318 -24.7254 1000
991.277 -24.7254 1000
-1856.7 -18.2146 1000
-1364.06 -18.2146 1000
-1035.64 -18.2146 1000
-816.697 -18.2146 1000
-670.733 -18.2146 1000
-573.423 -18.2146 1000
-508.55 -18.2146 1000
-465.301 -18.2146 1000
-436.468 -18.2146 1000
-417.247 -18.2146 1000
-404.432 -18.2146 1000
-395.889 -18.2146 1000
-390.194 -18.2146 1000
-386.397 -18.2146 1000
-383.866 -18.2146 1000
-382.178 -18.2146 1000
-381.053 -18.2146 1000
-380.303 -18.2146 1000
-379.803 -18.2146 1000
-379.303 -18.2146 1000
-378.638 -18.2146 1000
-377.754 -18.2146 1000
-376.578 -18.2146 1000
-375.013 -18.2146 1000
-372.932 -18.2146 1000
-370.165 -18.2146 1000
-366.484 -18.2146 1000
-361.589 -18.2146 1000
-355.078 -18.2146 1000
-346.419 -18.2146 1000
-334.902 -18.2146 1000
-323.385 -18.2146 1000
-314.725 -18.2146 1000
-308.215 -18.2146 1000
-303.319 -18.2146 1000
-299.639 -18.2146 1000
-296.871 -18.2146 1000
-294.79 -18.2146 1000
-293.226 -18.2146 1000
-292.049 -18.2146 1000
-291.165 -18.2146 1000
-290.5 -18.2146 1000
-290 -18.2146 1000
-289.5 -18.2146 1000
-288.835 -18.2146 1000
-287.951 -18.2146 1000
-286.774 -18.2146 1000
-285.21 -18.2146 1000
-283.129 -18.2146 1000
-280.361 -18.2146 1000
-276.681 -18.2146 1000
-271.785 -18.2146 1000
-265.275 -18.2146 1000
-256.615 -18.2146 1000
-245.098 -18.2146 1000
-229.781 -18.2146 1000
-209.408 -18.2146 1000
-182.313 -18.2146 1000
-141.67 -18.2146 1000
-80.706 -18.2146 1000
10.7404 -18.2146 1000
147.91 -18.2146 1000
353.665 -18.2146 1000
627.318 -18.2146 1000
991.277 -18.2146 1000
-1856.7 -13.3192 1000
-1364.06 -13.3192 1000
-1035.64 -13.3192 1000
-816.697 -13.3192 1000
-670.733 -13.3192 1000
-573.423 -13.3192 1000
-508.55 -13.3192 1000
-465.301 -13.3192 1000
-436.468 -13.3192 1000
-417.247 -13.3192 1000
-404.432 -13.3192 1000
-395.889 -13.3192 1000
-390.194 -13.3192 1000
-386.397 -13.3192 1000
-383.866 -13.3192 1000
-382.178 -13.3192 1000
-381.053 -13.3192 1000
-380.303 -13.3192 1000
-379.803 -13.3192 1000
-379.303 -13.3192 1000
-378.638 -13.3192 1000
-377.754 -13.3192 1000
-376.578 -13.3192 1000
-375.013 -13.3192 1000
-372.932 -13.3192 1000
-370.165 -13.3192 1000
-366.484 -13.3192 1000
-361.589 -13.3192 1000
-355.078 -13.3192 1000
-346.419 -13.3192 1000
-334.902 -13.3192 1000
-323.385 -13.3192 1000
-314.725 -13.3192 1000
-308.215 -13.3192 1000
-303.319 -13.3192 1000
-299.639 -13.3192 1000
-296.871 -13.3192 1000
-294.79 -13.3192 1000
-293.226 -13.3192 1000
-292.049 -13.3192 1000
-291.165 -13.3192 1000
-290.5 -13.3192 1000
-290 -13.3192 1000
-289.5 -13.3192 1000
-288.835 -13.3192 1000
-287.951 -13.3192 1000
-286.774 -13.3192 1000
-285.21 -13.3192 1000
-283.129 -13.3192 1000
-280.361 -13.3192 1000
-276.681 -13.3192 1000
-271.785 -13.3192 1000
-265.275 -13.3192 1000
-256.615 -13.3192 1000
-245.098 -13.3192 1000
-229.781 -13.3192 1000
-209.408 -13.3192 1000
-182.313 -13.3192 1000
-141.67 -13.3192 1000
-80.706 -13.3192 1000
10.7404 -13.3192 1000
147.91 -13.3192 1000
353.665 -13.3192 1000
627.318 -13.3192 1000
991.277 -13.3192 1000
-1856.7 -9.63851 1000
-1364.06 -9.63851 1000
-1035.64 -9.63851 1000
-816.697 -9.63851 1000
-670.733 -9.63851 1000
-573.423 -9.63851 1000
-508.55 -9.63851 1000
-465.301 -9.63851 1000
-436.468 -9.63851 1000
-417.247 -9.63851 1000
-404.432 -9.63851 1000
-395.889 -9.63851 1000
-390.194 -9.63851 1000
-386.397 -9.63851 1000
-383.866 -9.63851 1000
-382.178 -9.63851 1000
-381.053 -9.63851 1000
-380.303 -9.63851 1000
-379.803 -9.63851 1000
-379.303 -9.63851 1000
-378.638 -9.63851 1000
-377.754 -9.63851 1000
-376.578 -9.63851 1000
-375.013 -9.63851 1000
-372.932 -9.63851 1000
-370.165 -9.63851 1000
-366.484 -9.63851 1000
-361.589 -9.63851 1000
-355.078 -9.63851 1000
-346.419 -9.63851 1000
-334.902 -9.63851 1000
-323.385 -9.63851 1000
-314.725 -9.63851 1000
-308.215 -9.63851 1000
-303.319 -9.63851 1000
-299.639 -9.63851 1000
-296.871 -9.63851 1000
-294.79 -9.63851 1000
-293.226 -9.63851 1000
-292.049 -9.63851 1000
-291.165 -9.63851 1000
-290.5 -9.63851 1000
-290 -9.63851 1000
-289.5 -9.63851 1000
-288.835 -9.63851 1000
-287.951 -9.63851 1000
-286.774 -9.63851 1000
-285.21 -9.63851 1000
-283.129 -9.63851 1000
-280.361 -9.63851 1000
-276.681 -9.63851 1000
-271.785 -9.63851 1000
-265.275 -9.63851 1000
-256.615 -9.63851 1000
-245.098 -9.63851 1000
-229.781 -9.63851 1000
-209.408 -9.63851 1000
-182.313 -9.63851 1000
-141.67 -9.63851 1000
-80.706 -9.63851 1000
10.7404 -9.63851 1000
147.91 -9.63851 1000
353.665 -9.63851 1000
627.318 -9.63851 1000
991.277 -9.63851 1000
-1856.7 -6.87106 1000
-1364.06 -6.87106 1000
-1035.64 -6.87106 1000
-816.697 -6.87106 1000
-670.733 -6.87106 1000
-573.423 -6.87106 1000
-508.55 -6.87106 1000
-465.301 -6.87106 1000
-436.468 -6.87106 1000
-417.247 -6.87106 1000
-404.432 -6.87106 1000
-395.889 -6.87106 1000
-390.194 -6.87106 1000
-386.397 -6.87106 1000
-383.866 -6.87106 1000
-382.178 -6.87106 1000
-381.053 -6.87106 1000
-380.303 -6.87106 1000
-379.803 -6.87106 1000
-379.303 -6.87106 1000
-378.638 -6.87106 1000
-377.754 -6.87106 1000
-376.578 -6.87106 1000
-375.013 -6.87106 1000
-372.932 -6.87106 1000
-370.165 -6.87106 1000
-366.484 -6.87106 1000
-361.589 -6.87106 1000
-355.078 -6.87106 1000
-346.419 -6.87106 1000
-334.902 -6.87106 1000
-323.385 -6.87106 1000
-314.725 -6.87106 1000
-308.215 -6.87106 1000
-303.319 -6.87106 1000
-299.639 -6.87106 1000
-296.871 -6.87106 1000
-294.79 -6.87106 1000
-293.226 -6.87106 1000
-292.049 -6.87106 1000
-291.165 -6.87106 1000
-290.5 -6.87106 1000
-290 -6.87106 1000
-289.5 -6.87106 1000
-288.835 -6.87106 1000
-287.951 -6.87106 1000
-286.774 -6.87106 1000
-285.21 -6.87106 1000
-283.129 -6.87106 1000
-280.361 -6.87106 1000
-276.681 -6.87106 1000
-271.785 -6.87106 1000
-265.275 -6.87106 1000
-256.615 -6.87106 1000
-245.098 -6.87106 1000
-229.781 -6.87106 1000
-209.408 -6.87106 1000
-182.313 -6.87106 1000
-141.67 -6.87106 1000
-80.706 -6.87106 1000
10.7404 -6.87106 1000
147.91 -6.87106 1000
353.665 -6.87106 1000
627.318 -6.87106 1000
991.277 -6.87106 1000
-1856.7 -4.79027 1000
-1364.06 -4.79027 1000
-1035.64 -4.79027 1000
-816.697 -4.79027 1000
-670.733 -4.79027 1000
-573.423 -4.79027 1000
-508.55 -4.79027 1000
-465.301 -4.79027 1000
-436.468 -4.79027 1000
-417.247 -4.79027 1000
-404.432 -4.79027 1000
-395.889 -4.79027 1000
-390.194 -4.79027 1000
-386.397 -4.79027 1000
-383.866 -4.79027 1000
-382.178 -4.79027 1000
-381.053 -4.79027 1000
-380.303 -4.79027 1000
-379.803 -4.79027 1000
-379.303 -4.79027 1000
-378.638 -4.79027 1000
-377.754 -4.79027 1000
-376.578 -4.79027 1000
-375.013 -4.79027 1000
-372.932 -4.79027 1000
-370.165 -4.79027 1000
-366.484 -4.79027 1000
-361.589 -4.79027 1000
-355.078 -4.79027 1000
-346.419 -4.79027 1000
-334.902 -4.79027 1000
-323.385 -4.79027 1000
-314.725 -4.79027 1000
-308.215 -4.79027 1000
-303.319 -4.79027 1000
-299.639 -4.79027 1000
-296.871 -4.79027 1000
-294.79 -4.79027 1000
-293.226 -4.79027 1000
-292.049 -4.79027 1000
-291.165 -4.79027 1000
-290.5 -4.79027 1000
-290 -4.79027 1000
-289.5 -4.79027 1000
-288.835 -4.79027 1000
-287.951 -4.79027 1000
-286.774 -4.79027 1000
-285.21 -4.79027 1000
-283.129 -4.79027 1000
-280.361 -4.79027 1000
-276.681 -4.79027 1000
-271.785 -4.79027 1000
-265.275 -4.79027 1000
-256.615 -4.79027 1000
-245.098 -4.79027 1000
-229.781 -4.79027 1000
-209.408 -4.79027 1000
-182.313 -4.79027 1000
-141.67 -4.79027 1000
-80.706 -4.79027 1000
10.7404 -4.79027 1000
147.91 -4.79027 1000
353.665 -4.79027 1000
627.318 -4.79027 1000
991.277 -4.79027 1000
-1856.7 -3.22577 1000
-1364.06 -3.22577 1000
-1035.64 -3.22577 1000
-816.697 -3.22577 1000
-670.733 -3.22577 1000
-573.423 -3.22577 1000
-508.55 -3.22577 1000
-465.301 -3.22577 1000
-436.468 -3.22577 1000
-417.247 -3.22577 1000
-404.432 -3.22577 1000
-395.889 -3.22577 1000
-390.194 -3.22577 1000
-386.397 -3.22577 1000
-383.866 -3.22577 1000
-382.178 -3.22577 1000
-381.053 -3.22577 1000
-380.303 -3.22577 1000
-379.803 -3.22577 1000
-379.303 -3.22577 1000
-378.638 -3.22577 1000
-377.754 -3.22577 1000
-376.578 -3.22577 1000
-375.013 -3.22577 1000
-372.932 -3.22577 1000
-370.165 -3.22577 1000
-366.484 -3.22577 1000
-361.589 -3.22577 1000
-355.078 -3.22577 1000
-346.419 -3.22577 1000
-334.902 -3.22577 1000
-323.385 -3.22577 1000
-314.725 -3.22577 1000
-308.215 -3.22577 1000
-303.319 -3.22577 1000
-299.639 -3.22577 1000
-296.871 -3.22577 1000
-294.79 -3.22577 1000
-293.226 -3.22577 1000
-292.049 -3.22577 1000
-291.165 -3.22577 1000
-290.5 -3.22577 1000
-290 -3.22577 1000
-289.5 -3.22577 1000
-288.835 -3.22577 1000
-287.951 -3.22577 1000
-286.774 -3.22577 1000
-285.21 -3.22577 1000
-283.129 -3.22577 1000
-280.361 -3.22577 1000
-276.681 -3.22577 1000
-271.785 -3.22577 1000
-265.275 -3.22577 1000
-256.615 -3.22577 1000
-245.098 -3.22577 1000
-229.781 -3.22577 1000
-209.408 -3.22577 1000
-182.313 -3.22577 1000
-141.67 -3.22577 1000
-80.706 -3.22577 1000
10.7404 -3.22577 1000
147.91 -3.22577 1000
353.665 -3.22577 1000
627.318 -3.22577 1000
991.277 -3.22577 1000
-1856.7 -2.04945 1000
-1364.06 -2.04945 1000
-1035.64 -2.04945 1000
-816.697 -2.04945 1000
-670.733 -2.04945 1000
-573.423 -2.04945 1000
-508.55 -2.04945 1000
-465.301 -2.04945 1000
-436.468 -2.04945 1000
-417.247 -2.04945 1000
-404.432 -2.04945 1000
-395.889 -2.04945 1000
-390.194 -2.04945 1000
-386.397 -2.04945 1000
-383.866 -2.04945 1000
-382.178 -2.04945 1000
-381.053 -2.04945 1000
-380.303 -2.04945 1000
-379.803 -2.04945 1000
-379.303 -2.04945 1000
-378.638 -2.04945 1000
-377.754 -2.04945 1000
-376.578 -2.04945 1000
-375.013 -2.04945 1000
-372.932 -2.04945 1000
-370.165 -2.04945 1000
-366.484 -2.04945 1000
-361.589 -2.04945 1000
-355.078 -2.04945 1000
-346.419 -2.04945 1000
-334.902 -2.04945 1000
-323.385 -2.04945 1000
-314.725 -2.04945 1000
-308.215 -2.04945 1000
-303.319 -2.04945 1000
-299.639 -2.04945 1000
-296.871 -2.04945 1000
-294.79 -2.04945 1000
-293.226 -2.04945 1000
-292.049 -2.04945 1000
-291.165 -2.04945 1000
-290.5 -2.04945 1000
-290 -2.04945 1000
-289.5 -2.04945 1000
-288.835 -2.04945 1000
-287.951 -2.04945 1000
-286.774 -2.04945 1000
-285.21 -2.04945 1000
-283.129 -2.04945 1000
-280.361 -2.04945 1000
-276.681 -2.04945 1000
-271.785 -2.04945 1000
-265.275 -2.04945 1000
-256.615 -2.04945 1000
-245.098 -2.04945 1000
-229.781 -2.04945 1000
-209.408 -2.04945 1000
-182.313 -2.04945 1000
-141.67 -2.04945 1000
-80.706 -2.04945 1000
10.7404 -2.04945 1000
147.91 -2.04945 1000
353.665 -2.04945 1000
627.318 -2.04945 1000
991.277 -2.04945 1000
-1856.7 -1.165 1000
-1364.06 -1.165 1000
-1035.64 -1.165 1000
-816.697 -1.165 1000
-670.733 -1.165 1000
-573.423 -1.165 1000
-508.55 -1.165 1000
-465.301 -1.165 1000
-436.468 -1.165 1000
-417.247 -1.165 1000
-404.432 -1.165 1000
-395.889 -1.165 1000
-390.194 -1.165 1000
-386.397 -1.165 1000
-383.866 -1.165 1000
-382.178 -1.165 1000
-381.053 -1.165 1000
-380.303 -1.165 1000
-379.803 -1.165 1000
-379.303 -1.165 1000
-378.638 -1.165 1000
-377.754 -1.165 1000
-376.578 -1.165 1000
-375.013 -1.165 1000
-372.932 -1.165 1000
-370.165 -1.165 1000
-366.484 -1.165 1000
-361.589 -1.165 1000
-355.078 -1.165 1000
-346.419 -1.165 1000
-334.902 -1.165 1000
-323.385 -1.165 1000
-314.725 -1.165 1000
-308.215 -1.165 1000
-303.319 -1.165 1000
-299.639 -1.165 1000
-296.871 -1.165 1000
-294.79 -1.165 1000
-293.226 -1.165 1000
-292.049 -1.165 1000
-291.165 -1.165 1000
-290.5 -1.165 1000
-290 -1.165 1000
-289.5 -1.165 1000
-288.835 -1.165 1000
-287.951 -1.165 1000
-286.774 -1.165 1000
-285.21 -1.165 1000
-283.129 -1.165 1000
-280.361 -1.165 1000
-276.681 -1.165 1000
-271.785 -1.165 1000
-265.275 -1.165 1000
-256.615 -1.165 1000
-245.098 -1.165 1000
-229.781 -1.165 1000
-209.408 -1.165 1000
-182.313 -1.165 1000
-141.67 -1.165 1000
-80.706 -1.165 1000
10.7404 -1.165 1000
147.91 -1.165 1000
353.665 -1.165 1000
627.318 -1.165 1000
991.277 -1.165 1000
-1856.7 -0.5 1000
-1364.06 -0.5 1000
-1035.64 -0.5 1000
-816.697 -0.5 1000
-670.733 -0.5 1000
-573.423 -0.5 1000
-508.55 -0.5 1000
-465.301 -0.5 1000
-436.468 -0.5 1000
-417.247 -0.5 1000
-404.432 -0.5 1000
-395.889 -0.5 1000
-390.194 -0.5 1000
-386.397 -0.5 1000
-383.866 -0.5 1000
-382.178 -0.5 1000
-381.053 -0.5 1000
-380.303 -0.5 1000
-379.803 -0.5 1000
-379.303 -0.5 1000
-378.638 -0.5 1000
-377.754 -0.5 1000
-376.578 -0.5 1000
-375.013 -0.5 1000
-372.932 -0.5 1000
-370.165 -0.5 1000
-366.484 -0.5 1000
-361.589 -0.5 1000
-355.078 -0.5 1000
-346.419 -0.5 1000
-334.902 -0.5 1000
-323.385 -0.5 1000
-314.725 -0.5 1000
-308.215 -0.5 1000
-303.319 -0.5 1000
-299.639 -0.5 1000
-296.871 -0.5 1000
-294.79 -0.5 1000
-293.226 -0.5 1000
-292.049 -0.5 1000
-291.165 -0.5 1000
-290.5 -0.5 1000
-290 -0.5 1000
-289.5 -0.5 1000
-288.835 -0.5 1000
-287.951 -0.5 1000
-286.774 -0.5 1000
-285.21 -0.5 1000
-283.129 -0.5 1000
-280.361 -0.5 1000
-276.681 -0.5 1000
-271.785 -0.5 1000
-265.275 -0.5 1000
-256.615 -0.5 1000
-245.098 -0.5 1000
-229.781 -0.5 1000
-209.408 -0.5 1000
-182.313 -0.5 1000
-141.67 -0.5 1000
-80.706 -0.5 1000
10.7404 -0.5 1000
147.91 -0.5 1000
353.665 -0.5 1000
627.318 -0.5 1000
991.277 -0.5 1000
-1856.7 0 1000
-1364.06 0 1000
-1035.64 0 1000
-816.697 0 1000
-670.733 0 1000
-573.423 0 1000
-508.55 0 1000
-465.301 0 1000
-436.468 0 1000
-417.247 0 1000
-404.432 0 1000
-395.889 0 1000
-390.194 0 1000
-386.397 0 1000
-383.866 0 1000
-382.178 0 1000
-381.053 0 1000
-380.303 0 1000
-379.803 0 1000
-379.303 0 1000
-378.638 0 1000
-377.754 0 1000
-376.578 0 1000
-375.013 0 1000
-372.932 0 1000
-370.165 0 1000
-366.484 0 1000
-361.589 0 1000
-355.078 0 1000
-346.419 0 1000
-334.902 0 1000
-323.385 0 1000
-314.725 0 1000
-308.215 0 1000
-303.319 0 1000
-299.639 0 1000
-296.871 0 1000
-294.79 0 1000
-293.226 0 1000
-292.049 0 1000
-291.165 0 1000
-290.5 0 1000
-290 0 1000
-289.5 0 1000
-288.835 0 1000
-287.951 0 1000
-286.774 0 1000
-285.21 0 1000
-283.129 0 1000
-280.361 0 1000
-276.681 0 1000
-271.785 0 1000
-265.275 0 1000
-256.615 0 1000
-245.098 0 1000
-229.781 0 1000
-209.408 0 1000
-182.313 0 1000
-141.67 0 1000
-80.706 0 1000
10.7404 0 1000
147.91 0 1000
353.665 0 1000
627.318 0 1000
991.277 0 1000
-1856.7 0.5 1000
-1364.06 0.5 1000
-1035.64 0.5 1000
-816.697 0.5 1000
-670.733 0.5 1000
-573.423 0.5 1000
-508.55 0.5 1000
-465.301 0.5 1000
-436.468 0.5 1000
-417.247 0.5 1000
-404.432 0.5 1000
-395.889 0.5 1000
-390.194 0.5 1000
-386.397 0.5 1000
-383.866 0.5 1000
-382.178 0.5 1000
-381.053 0.5 1000
-380.303 0.5 1000
-379.803 0.5 1000
-379.303 0.5 1000
-378.638 0.5 1000
-377.754 0.5 1000
-376.578 0.5 1000
-375.013 0.5 1000
-372.932 0.5 1000
-370.165 0.5 1000
-366.484 0.5 1000
-361.589 0.5 1000
-355.078 0.5 1000
-346.419 0.5 1000
-334.902 0.5 1000
-323.385 0.5 1000
-314.725 0.5 1000
-308.215 0.5 1000
-303.319 0.5 1000
-299.639 0.5 1000
-296.871 0.5 1000
-294.79 0.5 1000
-293.226 0.5 1000
-292.049 0.5 1000
-291.165 0.5 1000
-290.5 0.5 1000
-290 0.5 1000
-289.5 0.5 1000
-288.835 0.5 1000
-287.951 0.5 1000
-286.774 0.5 1000
-285.21 0.5 1000
-283.129 0.5 1000
-280.361 0.5 1000
-276.681 0.5 1000
-271.785 0.5 1000
-265.275 0.5 1000
-256.615 0.5 1000
-245.098 0.5 1000
-229.781 0.5 1000
-209.408 0.5 1000
-182.313 0.5 1000
-141.67 0.5 1000
-80.706 0.5 1000
10.7404 0.5 1000
147.91 0.5 1000
353.665 0.5 1000
627.318 0.5 1000
991.277 0.5 1000
-1856.7 1.165 1000
-1364.06 1.165 1000
-1035.64 1.165 1000
-816.697 1.165 1000
-670.733 1.165 1000
-573.423 1.165 1000
-508.55 1.165 1000
-465.301 1.165 1000
-436.468 1.165 1000
-417.247 1.165 1000
-404.432 1.165 1000
-395.889 1.165 1000
-390.194 1.165 1000
-386.397 1.165 1000
-383.866 1.165 1000
-382.178 1.165 1000
-381.053 1.165 1000
-380.303 1.165 1000
-379.803 1.165 1000
-379.303 1.165 1000
-378.638 1.165 1000
-377.754 1.165 1000
-376.578 1.165 1000
-375.013 1.165 1000
-372.932 1.165 1000
-370.165 1.165 1000
-366.484 1.165 1000
-361.589 1.165 1000
-355.078 1.165 1000
-346.419 1.165 1000
-334.902 1.165 1000
-323.385 1.165 1000
-314.725 1.165 1000
-308.215 1.165 1000
-303.319 1.165 1000
-299.639 1.165 1000
-296.871 1.165 1000
-294.79 1.165 1000
-293.226 1.165 1000
-292.049 1.165 1000
-291.165 1.165 1000
-290.5 1.165 1000
-290 1.165 1000
-289.5 1.165 1000
-288.835 1.165 1000
-287.951 1.165 1000
-286.774 1.165 1000
-285.21 1.165 1000
-283.129 1.165 1000
-280.361 1.165 1000
-276.681 1.165 1000
-271.785 1.165 1000
-265.275 1.165 1000
-256.615 1.165 1000
-245.098 1.165 1000
-229.781 1.165 1000
-209.408 1.165 1000
-182.313 1.165 1000
-141.67 1.165 1000
-80.706 1.165 1000
10.7404 1.165 1000
147.91 1.165 1000
353.665 1.165 1000
627.318 1.165 1000
991.277 1.165 1000
-1856.7 2.04945 1000
-1364.06 2.04945 1000
-1035.64 2.04945 1000
-816.697 2.04945 1000
-670.733 2.04945 1000
-573.423 2.04945 1000
-508.55 2.04945 1000
-465.301 2.04945 1000
-436.468 2.04945 1000
-417.247 2.04945 1000
-404.432 2.04945 1000
-395.889 2.04945 1000
-390.194 2.04945 1000
-386.397 2.04945 1000
-383.866 2.04945 1000
-382.178 2.04945 1000
-381.053 2.04945 1000
-380.303 2.04945 1000
-379.803 2.04945 1000
-379.303 2.04945 1000
-378.638 2.04945 1000
-377.754 2.04945 1000
-376.578 2.04945 1000
-375.013 2.04945 1000
-372.932 2.04945 1000
-370.165 2.04945 1000
-366.484 2.04945 1000
-361.589 2.04945 1000
-355.078 2.04945 1000
-346.419 2.04945 1000
-334.902 2.04945 1000
-323.385 2.04945 1000
-314.725 2.04945 1000
-308.215 2.04945 1000
-303.319 2.04945 1000
-299.639 2.04945 1000
-296.871 2.04945 1000
-294.79 2.04945 1000
-293.226 2.04945 1000
-292.049 2.04945 1000
-291.165 2.04945 1000
-290.5 2.04945 1000
-290 2.04945 1000
-289.5 2.04945 1000
-288.835 2.04945 1000
-287.951 2.04945 1000
-286.774 2.04945 1000
-285.21 2.04945 1000
-283.129 2.04945 1000
-280.361 2.04945 1000
-276.681 2.04945 1000
-271.785 2.04945 1000
-265.275 2.04945 1000
-256.615 2.04945 1000
-245.098 2.04945 1000
-229.781 2.04945 1000
-209.408 2.04945 1000
-182.313 2.04945 1000
-141.67 2.04945 1000
-80.706 2.04945 1000
10.7404 2.04945 1000
147.91 2.04945 1000
353.665 2.04945 1000
627.318 2.04945 1000
991.277 2.04945 1000
-1856.7 3.22577 1000
-1364.06 3.22577 1000
-1035.64 3.22577 1000
-816.697 3.22577 1000
-670.733 3.22577 1000
-573.423 3.22577 1000
-508.55 3.22577 1000
-465.301 3.22577 1000
-436.468 3.22577 1000
-417.247 3.22577 1000
-404.432 3.22577 1000
-395.889 3.22577 1000
-390.194 3.22577 1000
-386.397 3.22577 1000
-383.866 3.22577 1000
-382.178 3.22577 1000
-381.053 3.22577 1000
-380.303 3.22577 1000
-379.803 3.22577 1000
-379.303 3.22577 1000
-378.638 3.22577 1000
-377.754 3.22577 1000
-376.578 3.22577 1000
-375.013 3.22577 1000
-372.932 3.22577 1000
-370.165 3.22577 1000
-366.484 3.22577 1000
-361.589 3.22577 1000
-355.078 3.22577 1000
-346.419 3.22577 1000
-334.902 3.22577 1000
-323.385 3.22577 1000
-314.725 3.22577 1000
-308.215 3.22577 1000
-303.319 3.22577 1000
-299.639 3.22577 1000
-296.871 3.22577 1000
-294.79 3.22577 1000
-293.226 3.22577 1000
-292.049 3.22577 1000
-291.165 3.22577 1000
-290.5 3.22577 1000
-290 3.22577 1000
-289.5 3.22577 1000
-288.835 3.22577 1000
-287.951 3.22577 1000
-286.774 3.22577 1000
-285.21 3.22577 1000
-283.129 3.22577 1000
-280.361 3.22577 1000
-276.681 3.22577 1000
-271.785 3.22577 1000
-265.275 3.22577 1000
-256.615 3.22577 1000
-245.098 3.22577 1000
-229.781 3.22577 1000
-209.408 3.22577 1000
-182.313 3.22577 1000
-141.67 3.22577 1000
-80.706 3.22577 1000
10.7404 3.22577 1000
147.91 3.22577 1000
353.665 3.22577 1000
627.318 3.22577 1000
991.277 3.22577 1000
-1856.7 4.79027 1000
-1364.06 4.79027 1000
-1035.64 4.79027 1000
-816.697 4.79027 1000
-670.733 4.79027 1000
-573.423 4.79027 1000
-508.55 4.79027 1000
-465.301 4.79027 1000
-436.468 4.79027 1000
-417.247 4.79027 1000
-404.432 4.79027 1000
-395.889 4.79027 1000
-390.194 4.79027 1000
-386.397 4.79027 1000
-383.866 4.79027 1000
-382.178 4.79027 1000
-381.053 4.79027 1000
-380.303 4.79027 1000
-379.803 4.79027 1000
-379.303 4.79027 1000
-378.638 4.79027 1000
-377.754 4.79027 1000
-376.578 4.79027 1000
-375.013 4.79027 1000
-372.932 4.79027 1000
-370.165 4.79027 1000
-366.484 4.79027 1000
-361.589 4.79027 1000
-355.078 4.79027 1000
-346.419 4.79027 1000
-334.902 4.79027 1000
-323.385 4.79027 1000
-314.725 4.79027 1000
-308.215 4.79027 1000
-303.319 4.79027 1000
-299.639 4.79027 1000
-296.871 4.79027 1000
-294.79 4.79027 1000
-293.226 4.79027 1000
-292.049 4.79027 1000
-291.165 4.79027 1000
-290.5 4.79027 1000
-290 4.79027 1000
-289.5 4.79027 1000
-288.835 4.79027 1000
-287.951 4.79027 1000
-286.774 4.79027 1000
-285.21 4.79027 1000
-283.129 4.79027 1000
-280.361 4.79027 1000
-276.681 4.79027 1000
-271.785 4.79027 1000
-265.275 4.79027 1000
-256.615 4.79027 1000
-245.098 4.79027 1000
-229.781 4.79027 1000
-209.408 4.79027 1000
-182.313 4.79027 1000
-141.67 4.79027 1000
-80.706 4.79027 1000
10.7404 4.79027 1000
147.91 4.79027 1000
353.665 4.79027 1000
627.318 4.79027 1000
991.277 4.79027 1000
-1856.7 6.87106 1000
-1364.06 6.87106 1000
-1035.64 6.87106 1000
-816.697 6.87106 1000
-670.733 6.87106 1000
-573.423 6.87106 1000
-508.55 6.87106 1000
-465.301 6.87106 1000
-436.468 6.87106 1000
-417.247 6.87106 1000
-404.432 6.87106 1000
-395.889 6.87106 1000
-390.194 6.87106 1000
-386.397 6.87106 1000
-383.866 6.87106 1000
-382.178 6.87106 1000
-381.053 6.87106 1000
-380.303 6.87106 1000
-379.803 6.87106 1000
-379.303 6.87106 1000
-378.638 6.87106 1000
-377.754 6.87106 1000
-376.578 6.87106 1000
-375.013 6.87106 1000
-372.932 6.87106 1000
-370.165 6.87106 1000
-366.484 6.87106 1000
-361.589 6.87106 1000
-355.078 6.87106 1000
-346.419 6.87106 1000
-334.902 6.87106 1000
-323.385 6.87106 1000
-314.725 6.87106 1000
-308.215 6.87106 1000
-303.319 6.87106 1000
-299.639 6.87106 1000
-296.871 6.87106 1000
-294.79 6.87106 1000
-293.226 6.87106 1000
-292.049 6.87106 1000
-291.165 6.87106 1000
-290.5 6.87106 1000
-290 6.87106 1000
-289.5 6.87106 1000
-288.835 6.87106 1000
-287.951 6.87106 1000
-286.774 6.87106 1000
-285.21 6.87106 1000
-283.129 6.87106 1000
-280.361 6.87106 1000
-276.681 6.87106 1000
-271.785 6.87106 1000
-265.275 6.87106 1000
-256.615 6.87106 1000
-245.098 6.87106 1000
-229.781 6.87106 1000
-209.408 6.87106 1000
-182.313 6.87106 1000
-141.67 6.87106 1000
-80.706 6.87106 1000
10.7404 6.87106 1000
147.91 6.87106 1000
353.665 6.87106 1000
627.318 6.87106 1000
991.277 6.87106 1000
-1856.7 9.63851 1000
-1364.06 9.63851 1000
-1035.64 9.63851 1000
-816.697 9.63851 1000
-670.733 9.63851 1000
-573.423 9.63851 1000
-508.55 9.63851 1000
-465.301 9.63851 1000
-436.468 9.63851 1000
-417.247 9.63851 1000
-404.432 9.63851 1000
-395.889 9.63851 1000
-390.194 9.63851 1000
-386.397 9.63851 1000
-383.866 9.63851 1000
-382.178 9.63851 1000
-381.053 9.63851 1000
-380.303 9.63851 1000
-379.803 9.63851 1000
-379.303 9.63851 1000
-378.638 9.63851 1000
-377.754 9.63851 1000
-376.578 9.63851 1000
-375.013 9.63851 1000
-372.932 9.63851 1000
-370.165 9.63851 1000
-366.484 9.63851 1000
-361.589 9.63851 1000
-355.078 9.63851 1000
-346.419 9.63851 1000
-334.902 9.63851 1000
-323.385 9.63851 1000
-314.725 9.63851 1000
-308.215 9.63851 1000
-303.319 9.63851 1000
-299.639 9.63851 1000
-296.871 9.63851 1000
-294.79 9.63851 1000
-293.226 9.63851 1000
-292.049 9.63851 1000
-291.165 9.63851 1000
-290.5 9.63851 1000
-290 9.63851 1000
-289.5 9.63851 1000
-288.835 9.63851 1000
-287.951 9.63851 1000
-286.774 9.63851 1000
-285.21 9.63851 1000
-283.129 9.63851 1000
-280.361 9.63851 1000
-276.681 9.63851 1000
-271.785 9.63851 1000
-265.275 9.63851 1000
-256.615 9.63851 1000
-245.098 9.63851 1000
-229.781 9.63851 1000
-209.408 9.63851 1000
-182.313 9.63851 1000
-141.67 9.63851 1000
-80.706 9.63851 1000
10.7404 9.63851 1000
147.91 9.63851 1000
353.665 9.63851 1000
627.318 9.63851 1000
991.277 9.63851 1000
-1856.7 13.3192 1000
-1364.06 13.3192 1000
-1035.64 13.3192 1000
-816.697 13.3192 1000
-670.733 13.3192 1000
-573.423 13.3192 1000
-508.55 13.3192 1000
-465.301 13.3192 1000
-436.468 13.3192 1000
-417.247 13.3192 1000
-404.432 13.3192 1000
-395.889 13.3192 1000
-390.194 13.3192 1000
-386.397 13.3192 1000
-383.866 13.3192 1000
-382.178 13.3192 1000
-381.053 13.3192 1000
-380.303 13.3192 1000
-379.803 13.3192 1000
-379.303 13.3192 1000
-378.638 13.3192 1000
-377.754 13.3192 1000
-376.578 13.3192 1000
-375.013 13.3192 1000
-372.932 13.3192 1000
-370.165 13.3192 1000
-366.484 13.3192 1000
-361.589 13.3192 1000
-355.078 13.3192 1000
-346.419 13.3192 1000
-334.902 13.3192 1000
-323.385 13.3192 1000
-314.725 13.3192 1000
-308.215 13.3192 1000
-303.319 13.3192 1000
-299.639 13.3192 1000
-296.871 13.3192 1000
-294.79 13.3192 1000
-293.226 13.3192 1000
-292.049 13.3192 1000
-291.165 13.3192 1000
-290.5 13.3192 1000
-290 13.3192 1000
-289.5 13.3192 1000
-288.835 13.3192 1000
-287.951 13.3192 1000
-286.774 13.3192 1000
-285.21 13.3192 1000
-283.129 13.3192 1000
-280.361 13.3192 1000
-276.681 13.3192 1000
-271.785 13.3192 1000
-265.275 13.3192 1000
-256.615 13.3192 1000
-245.098 13.3192 1000
-229.781 13.3192 1000
-209.408 13.3192 1000
-182.313 13.3192 1000
-141.67 13.3192 1000
-80.706 13.3192 1000
10.7404 13.3192 1000
147.91 13.3192 1000
353.665 13.3192 1000
627.318 13.3192 1000
991.277 13.3192 1000
-1856.7 18.2146 1000
-1364.06 18.2146 1000
-1035.64 18.2146 1000
-816.697 18.2146 1000
-670.733 18.2146 1000
-573.423 18.2146 1000
-508.55 18.2146 1000
-465.301 18.2146 1000
-436.468 18.2146 1000
-417.247 18.2146 1000
-404.432 18.2146 1000
-395.889 18.2146 1000
-390.194 18.2146 1000
-386.397 18.2146 1000
-383.866 18.2146 1000
-382.178 18.2146 1000
-381.053 18.2146 1000
-380.303 18.2146 1000
-379.803 18.2146 1000
-379.303 18.2146 1000
-378.638 18.2146 1000
-377.754 18.2146 1000
-376.578 18.2146 1000
-375.013 18.2146 1000
-372.932 18.2146 1000
-370.165 18.2146 1000
-366.484 18.2146 1000
-361.589 18.2146 1000
-355.078 18.2146 1000
-346.419 18.2146 1000
-334.902 18.2146 1000
-323.385 18.2146 1000
-314.725 18.2146 1000
-308.215 18.2146 1000
-303.319 18.2146 1000
-299.639 18.2146 1000
-296.871 18.2146 1000
-294.79 18.2146 1000
-293.226 18.2146 1000
-292.049 18.2146 1000
-291.165 18.2146 1000
-290.5 18.2146 1000
-290 18.2146 1000
-289.5 18.2146 1000
-288.835 18.2146 1000
-287.951 18.2146 1000
-286.774 18.2146 1000
-285.21 18.2146 1000
-283.129 18.2146 1000
-280.361 18.2146 1000
-276.681 18.2146 1000
-271.785 18.2146 1000
-265.275 18.2146 1000
-256.615 18.2146 1000
-245.098 18.2146 1000
-229.781 18.2146 1000
-209.408 18.2146 1000
-182.313 18.2146 1000
-141.67 18.2146 1000
-80.706 18.2146 1000
10.7404 18.2146 1000
147.91 18.2146 1000
353.665 18.2146 1000
627.318 18.2146 1000
991.277 18.2146 1000
-1856.7 24.7254 1000
-1364.06 24.7254 1000
-1035.64 24.7254 1000
-816.697 24.7254 1000
-670.733 24.7254 1000
-573.423 24.7254 1000
-508.55 24.7254 1000
-465.301 24.7254 1000
-436.468 24.7254 1000
-417.247 24.7254 1000
-404.432 24.7254 1000
-395.889 24.7254 1000
-390.194 24.7254 1000
-386.397 24.7254 1000
-383.866 24.7254 1000
-382.178 24.7254 1000
-381.053 24.7254 1000
-380.303 24.7254 1000
-379.803 24.7254 1000
-379.303 24.7254 1000
-378.638 24.7254 1000
-377.754 24.7254 1000
-376.578 24.7254 1000
-375.013 24.7254 1000
-372.932 24.7254 1000
-370.165 24.7254 1000
-366.484 24.7254 1000
-361.589 24.7254 1000
-355.078 24.7254 1000
-346.419 24.7254 1000
-334.902 24.7254 1000
-323.385 24.7254 1000
-314.725 24.7254 1000
-308.215 24.7254 1000
-303.319 24.7254 1000
-299.639 24.7254 1000
-296.871 24.7254 1000
-294.79 24.7254 1000
-293.226 24.7254 1000
-292.049 24.7254 1000
-291.165 24.7254 1000
-290.5 24.7254 1000
-290 24.7254 1000
-289.5 24.7254 1000
-288.835 24.7254 1000
-287.951 24.7254 1000
-286.774 24.7254 1000
-285.21 24.7254 1000
-283.129 24.7254 1000
-280.361 24.7254 1000
-276.681 24.7254 1000
-271.785 24.7254 1000
-265.275 24.7254 1000
-256.615 24.7254 1000
-245.098 24.7254 1000
-229.781 24.7254 1000
-209.408 24.7254 1000
-182.313 24.7254 1000
-141.67 24.7254 1000
-80.706 24.7254 1000
10.7404 24.7254 1000
147.91 24.7254 1000
353.665 24.7254 1000
627.318 24.7254 1000
991.277 24.7254 1000
-1856.7 33.3847 1000
-1364.06 33.3847 1000
-1035.64 33.3847 1000
-816.697 33.3847 1000
-670.733 33.3847 1000
-573.423 33.3847 1000
-508.55 33.3847 1000
-465.301 33.3847 1000
-436.468 33.3847 1000
-417.247 33.3847 1000
-404.432 33.3847 1000
-395.889 33.3847 1000
-390.194 33.3847 1000
-386.397 33.3847 1000
-383.866 33.3847 1000
-382.178 33.3847 1000
-381.053 33.3847 1000
-380.303 33.3847 1000
-379.803 33.3847 1000
-379.303 33.3847 1000
-378.638 33.3847 1000
-377.754 33.3847 1000
-376.578 33.3847 1000
-375.013 33.3847 1000
-372.932 33.3847 1000
-370.165 33.3847 1000
-366.484 33.3847 1000
-361.589 33.3847 1000
-355.078 33.3847 1000
-346.419 33.3847 1000
-334.902 33.3847 1000
-323.385 33.3847 1000
-314.725 33.3847 1000
-308.215 33.3847 1000
-303.319 33.3847 1000
-299.639 33.3847 1000
-296.871 33.3847 1000
-294.79 33.3847 1000
-293.226 33.3847 1000
-292.049 33.3847 1000
-291.165 33.3847 1000
-290.5 33.3847 1000
-290 33.3847 1000
-289.5 33.3847 1000
-288.835 33.3847 1000
-287.951 33.3847 1000
-286.774 33.3847 1000
-285.21 33.3847 1000
-283.129 33.3847 1000
-280.361 33.3847 1000
-276.681 33.3847 1000
-271.785 33.3847 1000
-265.275 33.3847 1000
-256.615 33.3847 1000
-245.098 33.3847 1000
-229.781 33.3847 1000
-209.408 33.3847 1000
-182.313 33.3847 1000
-141.67 33.3847 1000
-80.706 33.3847 1000
10.7404 33.3847 1000
147.91 33.3847 1000
353.665 33.3847 1000
627.318 33.3847 1000
991.277 33.3847 1000
-1856.7 44.9017 1000
-1364.06 44.9017 1000
-1035.64 44.9017 1000
-816.697 44.9017 1000
-670.733 44.9017 1000
-573.423 44.9017 1000
-508.55 44.9017 1000
-465.301 44.9017 1000
-436.468 44.9017 1000
-417.247 44.9017 1000
-404.432 44.9017 1000
-395.889 44.9017 1000
-390.194 44.9017 1000
-386.397 44.9017 1000
-383.866 44.9017 1000
-382.178 44.9017 1000
-381.053 44.9017 1000
-380.303 44.9017 1000
-379.803 44.9017 1000
-379.303 44.9017 1000
-378.638 44.9017 1000
-377.754 44.9017 1000
-376.578 44.9017 1000
-375.013 44.9017 1000
-372.932 44.9017 1000
-370.165 44.9017 1000
-366.484 44.9017 1000
-361.589 44.9017 1000
-355.078 44.9017 1000
-346.419 44.9017 1000
-334.902 44.9017 1000
-323.385 44.9017 1000
-314.725 44.9017 1000
-308.215 44.9017 1000
-303.319 44.9017 1000
-299.639 44.9017 1000
-296.871 44.9017 1000
-294.79 44.9017 1000
-293.226 44.9017 1000
-292.049 44.9017 1000
-291.165 44.9017 1000
-290.5 44.9017 1000
-290 44.9017 1000
-289.5 44.9017 1000
-288.835 44.9017 1000
-287.951 44.9017 1000
-286.774 44.9017 1000
-285.21 44.9017 1000
-283.129 44.9017 1000
-280.361 44.9017 1000
-276.681 44.9017 1000
-271.785 44.9017 1000
-265.275 44.9017 1000
-256.615 44.9017 1000
-245.098 44.9017 1000
-229.781 44.9017 1000
-209.408 44.9017 1000
-182.313 44.9017 1000
-141.67 44.9017 1000
-80.706 44.9017 1000
10.7404 44.9017 1000
147.91 44.9017 1000
353.665 44.9017 1000
627.318 44.9017 1000
991.277 44.9017 1000
-1856.7 60.2193 1000
-1364.06 60.2193 1000
-1035.64 60.2193 1000
-816.697 60.2193 1000
-670.733 60.2193 1000
-573.423 60.2193 1000
-508.55 60.2193 1000
-465.301 60.2193 1000
-436.468 60.2193 1000
-417.247 60.2193 1000
-404.432 60.2193 1000
-395.889 60.2193 1000
-390.194 60.2193 1000
-386.397 60.2193 1000
-383.866 60.2193 1000
-382.178 60.2193 1000
-381.053 60.2193 1000
-380.303 60.2193 1000
-379.803 60.2193 1000
-379.303 60.2193 1000
-378.638 60.2193 1000
-377.754 60.2193 1000
-376.578 60.2193 1000
-375.013 60.2193 1000
-372.932 60.2193 1000
-370.165 60.2193 1000
-366.484 60.2193 1000
-361.589 60.2193 1000
-355.078 60.2193 1000
-346.419 60.2193 1000
-334.902 60.2193 1000
-323.385 60.2193 1000
-314.725 60.2193 1000
-308.215 60.2193 1000
-303.319 60.2193 1000
-299.639 60.2193 1000
-296.871 60.2193 1000
-294.79 60.2193 1000
-293.226 60.2193 1000
-292.049 60.2193 1000
-291.165 60.2193 1000
-290.5 60.2193 1000
-290 60.2193 1000
-289.5 60.2193 1000
-288.835 60.2193 1000
-287.951 60.2193 1000
-286.774 60.2193 1000
-285.21 60.2193 1000
-283.129 60.2193 1000
-280.361 60.2193 1000
-276.681 60.2193 1000
-271.785 60.2193 1000
-265.275 60.2193 1000
-256.615 60.2193 1000
-245.098 60.2193 1000
-229.781 60.2193 1000
-209.408 60.2193 1000
-182.313 60.2193 1000
-141.67 60.2193 1000
-80.706 60.2193 1000
10.7404 60.2193 1000
147.91 60.2193 1000
353.665 60.2193 1000
627.318 60.2193 1000
991.277 60.2193 1000
-1856.7 80.5916 1000
-1364.06 80.5916 1000
-1035.64 80.5916 1000
-816.697 80.5916 1000
-670.733 80.5916 1000
-573.423 80.5916 1000
-508.55 80.5916 1000
-465.301 80.5916 1000
-436.468 80.5916 1000
-417.247 80.5916 1000
-404.432 80.5916 1000
-395.889 80.5916 1000
-390.194 80.5916 1000
-386.397 80.5916 1000
-383.866 80.5916 1000
-382.178 80.5916 1000
-381.053 80.5916 1000
-380.303 80.5916 1000
-379.803 80.5916 1000
-379.303 80.5916 1000
-378.638 80.5916 1000
-377.754 80.5916 1000
-376.578 80.5916 1000
-375.013 80.5916 1000
-372.932 80.5916 1000
-370.165 80.5916 1000
-366.484 80.5916 1000
-361.589 80.5916 1000
-355.078 80.5916 1000
-346.419 80.5916 1000
-334.902 80.5916 1000
-323.385 80.5916 1000
-314.725 80.5916 1000
-308.215 80.5916 1000
-303.319 80.5916 1000
-299.639 80.5916 1000
-296.871 80.5916 1000
-294.79 80.5916 1000
-293.226 80.5916 1000
-292.049 80.5916 1000
-291.165 80.5916 1000
-290.5 80.5916 1000
-290 80.5916 1000
-289.5 80.5916 1000
-288.835 80.5916 1000
-287.951 80.5916 1000
-286.774 80.5916 1000
-285.21 80.5916 1000
-283.129 80.5916 1000
-280.361 80.5916 1000
-276.681 80.5916 1000
-271.785 80.5916 1000
-265.275 80.5916 1000
-256.615 80.5916 1000
-245.098 80.5916 1000
-229.781 80.5916 1000
-209.408 80.5916 1000
-182.313 80.5916 1000
-141.67 80.5916 1000
-80.706 80.5916 1000
10.7404 80.5916 1000
147.91 80.5916 1000
353.665 80.5916 1000
627.318 80.5916 1000
991.277 80.5916 1000
-1856.7 107.687 1000
-1364.06 107.687 1000
-1035.64 107.687 1000
-816.697 107.687 1000
-670.733 107.687 1000
-573.423 107.687 1000
-508.55 107.687 1000
-465.301 107.687 1000
-436.468 107.687 1000
-417.247 107.687 1000
-404.432 107.687 1000
-395.889 107.687 1000
-390.194 107.687 1000
-386.397 107.687 1000
-383.866 107.687 1000
-382.178 107.687 1000
-381.053 107.687 1000
-380.303 107.687 1000
-379.803 107.687 1000
-379.303 107.687 1000
-378.638 107.687 1000
-377.754 107.687 1000
-376.578 107.687 1000
-375.013 107.687 1000
-372.932 107.687 1000
-370.165 107.687 1000
-366.484 107.687 1000
-361.589 107.687 1000
-355.078 107.687 1000
-346.419 107.687 1000
-334.902 107.687 1000
-323.385 107.687 1000
-314.725 107.687 1000
-308.215 107.687 1000
-303.319 107.687 1000
-299.639 107.687 1000
-296.871 107.687 1000
-294.79 107.687 1000
-293.226 107.687 1000
-292.049 107.687 1000
-291.165 107.687 1000
-290.5 107.687 1000
-290 107.687 1000
-289.5 107.687 1000
-288.835 107.687 1000
-287.951 107.687 1000
-286.774 107.687 1000
-285.21 107.687 1000
-283.129 107.687 1000
-280.361 107.687 1000
-276.681 107.687 1000
-271.785 107.687 1000
-265.275 107.687 1000
-256.615 107.687 1000
-245.098 107.687 1000
-229.781 107.687 1000
-209.408 107.687 1000
-182.313 107.687 1000
-141.67 107.687 1000
-80.706 107.687 1000
10.7404 107.687 1000
147.91 107.687 1000
353.665 107.687 1000
627.318 107.687 1000
991.277 107.687 1000
-1856.7 143.724 1000
-1364.06 143.724 1000
-1035.64 143.724 1000
-816.697 143.724 1000
-670.733 143.724 1000
-573.423 143.724 1000
-508.55 143.724 1000
-465.301 143.724 1000
-436.468 143.724 1000
-417.247 143.724 1000
-404.432 143.724 1000
-395.889 143.724 1000
-390.194 143.724 1000
-386.397 143.724 1000
-383.866 143.724 1000
-382.178 143.724 1000
-381.053 143.724 1000
-380.303 143.724 1000
-379.803 143.724 1000
-379.303 143.724 1000
-378.638 143.724 1000
-377.754 143.724 1000
-376.578 143.724 1000
-375.013 143.724 1000
-372.932 143.724 1000
-370.165 143.724 1000
-366.484 143.724 1000
-361.589 143.724 1000
-355.078 143.724 1000
-346.419 143.724 1000
-334.902 143.724 1000
-323.385 143.724 1000
-314.725 143.724 1000
-308.215 143.724 1000
-303.319 143.724 1000
-299.639 143.724 1000
-296.871 143.724 1000
-294.79 143.724 1000
-293.226 143.724 1000
-292.049 143.724 1000
-291.165 143.724 1000
-290.5 143.724 1000
-290 143.724 1000
-289.5 143.724 1000
-288.835 143.724 1000
-287.951 143.724 1000
-286.774 143.724 1000
-285.21 143.724 1000
-283.129 143.724 1000
-280.361 143.724 1000
-276.681 143.724 1000
-271.785 143.724 1000
-265.275 143.724 1000
-256.615 143.724 1000
-245.098 143.724 1000
-229.781 143.724 1000
-209.408 143.724 1000
-182.313 143.724 1000
-141.67 143.724 1000
-80.706 143.724 1000
10.7404 143.724 1000
147.91 143.724 1000
353.665 143.724 1000
627.318 143.724 1000
991.277 143.724 1000
-1856.7 191.652 1000
-1364.06 191.652 1000
-1035.64 191.652 1000
-816.697 191.652 1000
-670.733 191.652 1000
-573.423 191.652 1000
-508.55 191.652 1000
-465.301 191.652 1000
-436.468 191.652 1000
-417.247 191.652 1000
-404.432 191.652 1000
-395.889 191.652 1000
-390.194 191.652 1000
-386.397 191.652 1000
-383.866 191.652 1000
-382.178 191.652 1000
-381.053 191.652 1000
-380.303 191.652 1000
-379.803 191.652 1000
-379.303 191.652 1000
-378.638 191.652 1000
-377.754 191.652 1000
-376.578 191.652 1000
-375.013 191.652 1000
-372.932 191.652 1000
-370.165 191.652 1000
-366.484 191.652 1000
-361.589 191.652 1000
-355.078 191.652 1000
-346.419 191.652 1000
-334.902 191.652 1000
-323.385 191.652 1000
-314.725 191.652 1000
-308.215 191.652 1000
-303.319 191.652 1000
-299.639 191.652 1000
-296.871 191.652 1000
-294.79 191.652 1000
-293.226 191.652 1000
-292.049 191.652 1000
-291.165 191.652 1000
-290.5 191.652 1000
-290 191.652 1000
-289.5 191.652 1000
-288.835 191.652 1000
-287.951 191.652 1000
-286.774 191.652 1000
-285.21 191.652 1000
-283.129 191.652 1000
-280.361 191.652 1000
-276.681 191.652 1000
-271.785 191.652 1000
-265.275 191.652 1000
-256.615 191.652 1000
-245.098 191.652 1000
-229.781 191.652 1000
-209.408 191.652 1000
-182.313 191.652 1000
-141.67 191.652 1000
-80.706 191.652 1000
10.7404 191.652 1000
147.91 191.652 1000
353.665 191.652 1000
627.318 191.652 1000
991.277 191.652 1000
-1856.7 255.398 1000
-1364.06 255.398 1000
-1035.64 255.398 1000
-816.697 255.398 1000
-670.733 255.398 1000
-573.423 255.398 1000
-508.55 255.398 1000
-465.301 255.398 1000
-436.468 255.398 1000
-417.247 255.398 1000
-404.432 255.398 1000
-395.889 255.398 1000
-390.194 255.398 1000
-386.397 255.398 1000
-383.866 255.398 1000
-382.178 255.398 1000
-381.053 255.398 1000
-380.303 255.398 1000
-379.803 255.398 1000
-379.303 255.398 1000
-378.638 255.398 1000
-377.754 255.398 1000
-376.578 255.398 1000
-375.013 255.398 1000
-372.932 255.398 1000
-370.165 255.398 1000
-366.484 255.398 1000
-361.589 255.398 1000
-355.078 255.398 1000
-346.419 255.398 1000
-334.902 255.398 1000
-323.385 255.398 1000
-314.725 255.398 1000
-308.215 255.398 1000
-303.319 255.398 1000
-299.639 255.398 1000
-296.871 255.398 1000
-294.79 255.398 1000
-293.226 255.398 1000
-292.049 255.398 1000
-291.165 255.398 1000
-290.5 255.398 1000
-290 255.398 1000
-289.5 255.398 1000
-288.835 255.398 1000
-287.951 255.398 1000
-286.774 255.398 1000
-285.21 255.398 1000
-283.129 255.398 1000
-280.361 255.398 1000
-276.681 255.398 1000
-271.785 255.398 1000
-265.275 255.398 1000
-256.615 255.398 1000
-245.098 255.398 1000
-229.781 255.398 1000
-209.408 255.398 1000
-182.313 255.398 1000
-141.67 255.398 1000
-80.706 255.398 1000
10.7404 255.398 1000
147.91 255.398 1000
353.665 255.398 1000
627.318 255.398 1000
991.277 255.398 1000
-1856.7 351.015 1000
-1364.06 351.015 1000
-1035.64 351.015 1000
-816.697 351.015 1000
-670.733 351.015 1000
-573.423 351.015 1000
-508.55 351.015 1000
-465.301 351.015 1000
-436.468 351.015 1000
-417.247 351.015 1000
-404.432 351.015 1000
-395.889 351.015 1000
-390.194 351.015 1000
-386.397 351.015 1000
-383.866 351.015 1000
-382.178 351.015 1000
-381.053 351.015 1000
-380.303 351.015 1000
-379.803 351.015 1000
-379.303 351.015 1000
-378.638 351.015 1000
-377.754 351.015 1000
-376.578 351.015 1000
-375.013 351.015 1000
-372.932 351.015 1000
-370.165 351.015 1000
-366.484 351.015 1000
-361.589 351.015 1000
-355.078 351.015 1000
-346.419 351.015 1000
-334.902 351.015 1000
-323.385 351.015 1000
-314.725 351.015 1000
-308.215 351.015 1000
-303.319 351.015 1000
-299.639 351.015 1000
-296.871 351.015 1000
-294.79 351.015 1000
-293.226 351.015 1000
-292.049 351.015 1000
-291.165 351.015 1000
-290.5 351.015 1000
-290 351.015 1000
-289.5 351.015 1000
-288.835 351.015 1000
-287.951 351.015 1000
-286.774 351.015 1000
-285.21 351.015 1000
-283.129 351.015 1000
-280.361 351.015 1000
-276.681 351.015 1000
-271.785 351.015 1000
-265.275 351.015 1000
-256.615 351.015 1000
-245.098 351.015 1000
-229.781 351.015 1000
-209.408 351.015 1000
-182.313 351.015 1000
-141.67 351.015 1000
-80.706 351.015 1000
10.7404 351.015 1000
147.91 351.015 1000
353.665 351.015 1000
627.318 351.015 1000
991.277 351.015 1000
-1856.7 494.442 1000
-1364.06 494.442 1000
-1035.64 494.442 1000
-816.697 494.442 1000
-670.733 494.442 1000
-573.423 494.442 1000
-508.55 494.442 1000
-465.301 494.442 1000
-436.468 494.442 1000
-417.247 494.442 1000
-404.432 494.442 1000
-395.889 494.442 1000
-390.194 494.442 1000
-386.397 494.442 1000
-383.866 494.442 1000
-382.178 494.442 1000
-381.053 494.442 1000
-380.303 494.442 1000
-379.803 494.442 1000
-379.303 494.442 1000
-378.638 494.442 1000
-377.754 494.442 1000
-376.578 494.442 1000
-375.013 494.442 1000
-372.932 494.442 1000
-370.165 494.442 1000
-366.484 494.442 1000
-361.589 494.442 1000
-355.078 494.442 1000
-346.419 494.442 1000
-334.902 494.442 1000
-323.385 494.442 1000
-314.725 494.442 1000
-308.215 494.442 1000
-303.319 494.442 1000
-299.639 494.442 1000
-296.871 494.442 1000
-294.79 494.442 1000
-293.226 494.442 1000
-292.049 494.442 1000
-291.165 494.442 1000
-290.5 494.442 1000
-290 494.442 1000
-289.5 494.442 1000
-288.835 494.442 1000
-287.951 494.442 1000
-286.774 494.442 1000
-285.21 494.442 1000
-283.129 494.442 1000
-280.361 494.442 1000
-276.681 494.442 1000
-271.785 494.442 1000
-265.275 494.442 1000
-256.615 494.442 1000
-245.098 494.442 1000
-229.781 494.442 1000
-209.408 494.442 1000
-182.313 494.442 1000
-141.67 494.442 1000
-80.706 494.442 1000
10.7404 494.442 1000
147.91 494.442 1000
353.665 494.442 1000
627.318 494.442 1000
991.277 494.442 1000
-1856.7 709.583 1000
-1364.06 709.583 1000
-1035.64 709.583 1000
-816.697 709.583 1000
-670.733 709.583 1000
-573.423 709.583 1000
-508.55 709.583 1000
-465.301 709.583 1000
-436.468 709.583 1000
-417.247 709.583 1000
-404.432 709.583 1000
-395.889 709.583 1000
-390.194 709.583 1000
-386.397 709.583 1000
-383.866 709.583 1000
-382.178 709.583 1000
-381.053 709.583 1000
-380.303 709.583 1000
-379.803 709.583 1000
-379.303 709.583 1000
-378.638 709.583 1000
-377.754 709.583 1000
-376.578 709.583 1000
-375.013 709.583 1000
-372.932 709.583 1000
-370.165 709.583 1000
-366.484 709.583 1000
-361.589 709.583 1000
-355.078 709.583 1000
-346.419 709.583 1000
-334.902 709.583 1000
-323.385 709.583 1000
-314.725 709.583 1000
-308.215 709.583 1000
-303.319 709.583 1000
-299.639 709.583 1000
-296.871 709.583 1000
-294.79 709.583 1000
-293.226 709.583 1000
-292.049 709.583 1000
-291.165 709.583 1000
-290.5 709.583 1000
-290 709.583 1000
-289.5 709.583 1000
-288.835 709.583 1000
-287.951 709.583 1000
-286.774 709.583 1000
-285.21 709.583 1000
-283.129 709.583 1000
-280.361 709.583 1000
-276.681 709.583 1000
-271.785 709.583 1000
-265.275 709.583 1000
-256.615 709.583 1000
-245.098 709.583 1000
-229.781 709.583 1000
-209.408 709.583 1000
-182.313 709.583 1000
-141.67 709.583 1000
-80.706 709.583 1000
10.7404 709.583 1000
147.91 709.583 1000
353.665 709.583 1000
627.318 709.583 1000
991.277 709.583 1000
-1856.7 1032.29 1000
-1364.06 1032.29 1000
-1035.64 1032.29 1000
-816.697 1032.29 1000
-670.733 1032.29 1000
-573.423 1032.29 1000
-508.55 1032.29 1000
-465.301 1032.29 1000
-436.468 1032.29 1000
-417.247 1032.29 1000
-404.432 1032.29 1000
-395.889 1032.29 1000
-390.194 1032.29 1000
-386.397 1032.29 1000
-383.866 1032.29 1000
-382.178 1032.29 1000
-381.053 1032.29 1000
-380.303 1032.29 1000
-379.803 1032.29 1000
-379.303 1032.29 1000
-378.638 1032.29 1000
-377.754 1032.29 1000
-376.578 1032.29 1000
-375.013 1032.29 1000
-372.932 1032.29 1000
-370.165 1032.29 1000
-366.484 1032.29 1000
-361.589 1032.29 1000
-355.078 1032.29 1000
-346.419 1032.29 1000
-334.902 1032.29 1000
-323.385 1032.29 1000
-314.725 1032.29 1000
-308.215 1032.29 1000
-303.319 1032.29 1000
-299.639 1032.29 1000
-296.871 1032.29 1000
-294.79 1032.29 1000
-293.226 1032.29 1000
-292.049 1032.29 1000
-291.165 1032.29 1000
-290.5 1032.29 1000
-290 1032.29 1000
-289.5 1032.29 1000
-288.835 1032.29 1000
-287.951 1032.29 1000
-286.774 1032.29 1000
-285.21 1032.29 1000
-283.129 1032.29 1000
-280.361 1032.29 1000
-276.681 1032.29 1000
-271.785 1032.29 1000
-265.275 1032.29 1000
-256.615 1032.29 1000
-245.098 1032.29 1000
-229.781 1032.29 1000
-209.408 1032.29 1000
-182.313 1032.29 1000
-141.67 1032.29 1000
-80.706 1032.29 1000
10.7404 1032.29 1000
147.91 1032.29 1000
353.665 1032.29 1000
627.318 1032.29 1000
991.277 1032.29 1000
