-290.00000000000000 1000.00000000000000 17.38023329018150
-265.00000000000000 1000.00000000000000 0.04897017346406
-240.00000000000000 1000.00000000000000 0.02062936040448
-215.00000000000000 1000.00000000000000 0.01168810918327
-190.00000000000000 1000.00000000000000 0.00765395879019
-165.00000000000000 1000.00000000000000 0.00552101716645
-140.00000000000000 1000.00000000000000 0.00397770798181
-115.00000000000000 1000.00000000000000 0.00327817776986
-90.00000000000000 1000.00000000000000 0.00257864755792
-65.00000000000000 1000.00000000000000 0.00214195578958
-40.00000000000000 1000.00000000000000 0.00186079863138
-15.00000000000000 1000.00000000000000 0.00157964147317
10.00000000000000 1000.00000000000000 0.00129848431496
35.00000000000000 1000.00000000000000 0.00118571464305
60.00000000000000 1000.00000000000000 0.00107808445433
85.00000000000000 1000.00000000000000 0.00097045426561
110.00000000000000 1000.00000000000000 0.00086282407689
135.00000000000000 1000.00000000000000 0.00075519388817
160.00000000000000 1000.00000000000000 0.00067961541650
185.00000000000000 1000.00000000000000 0.00063826304768
210.00000000000000 1000.00000000000000 0.00059691067885
235.00000000000000 1000.00000000000000 0.00055555831002
235.00000000000000 1000.00000000000000 0.00055555831002
