
-290.0000000000000000 0.0000000000000000 1000.0000000000000000
-265.0000000000000000 0.0000000000000000 1000.0000000000000000
-240.0000000000000000 0.0000000000000000 1000.0000000000000000
-215.0000000000000000 0.0000000000000000 1000.0000000000000000
-190.9410665270034428 0.0000000000000000 994.8609419028138063
-167.8334762779673781 0.0000000000000000 985.3338328380622215
-144.5094997819865910 0.0000000000000000 976.3552475019556596
-120.7933433866017765 0.0000000000000000 968.4882978664930988
-96.6776665961904342 0.0000000000000000 961.9583307168277315
-72.2188213801617849 0.0000000000000000 956.7848511625670653
-47.4883110968919411 0.0000000000000000 953.2745612264541251
-22.6239413630487114 0.0000000000000000 950.9061974588253179
2.3758075225798976 0.0000000000000000 950.7941454373749366
27.3478177342123310 0.0000000000000000 951.1532503402206657
52.1617140852450092 0.0000000000000000 954.1980077821538089
76.9079343445234542 0.0000000000000000 957.5884837423443514
101.0383384972700327 0.0000000000000000 964.1248126374590584
125.1687426500166112 0.0000000000000000 970.6611415325736516
149.1075303541969959 0.0000000000000000 977.8009104954074928
172.5883094730688185 0.0000000000000000 986.3830437949287671
196.0690885919406412 0.0000000000000000 994.9651770944501550
220.1778174098301974 0.0000000000000000 1000.0000000000000000
