-290.00000000000000 1000.00000000000000 34.97546396223616
-265.00000000000000 1000.00000000000000 0.04636047388015
-240.00000000000000 1000.00000000000000 0.01650219582177
-215.00000000000000 1000.00000000000000 0.00795803570620
-190.94106652700344 994.86094190281381 0.00479026018327
-167.83347627796738 985.33383283806222 0.00277839634982
-144.50949978198659 976.35524750195566 0.00161822550773
-120.79334338660178 968.48829786649310 0.00091730069619
-96.67766659619043 961.95833071682773 0.00053514728020
-72.21882138016178 956.78485116256707 0.00033468968833
-47.48831109689194 953.27456122645413 0.00021339898263
-22.62394136304871 950.90619745882532 0.00013453747689
2.37580752257990 950.79414543737494 0.00009760091996
27.34781773421233 951.15325034022067 0.00006410612020
52.16171408524501 954.19800778215381 0.00004875404916
76.90793434452345 957.58848374234435 0.00003527781274
101.03833849727003 964.12481263745906 0.00002841458035
125.16874265001661 970.66114153257365 0.00002194149063
149.10753035419700 977.80091049540749 0.00001732014801
172.58830947306882 986.38304379492877 0.00001450990982
196.06908859194064 994.96517709445015 0.00001194888891
220.17781740983020 1000.00000000000000 0.00000994982854
220.17781740983020 1000.00000000000000 0.00000994982854
