-3398.30210724352000
-2623.15546711040000
-2026.88882085416000
-1568.22216988781000
-1215.40166914447000
-944.00128395728500
-735.23175689021900
-574.63981299247600
-451.10754845575100
-356.08272958134700
-282.98671506257500
-226.75901158659600
-183.50693198968900
-150.23610153053000
-124.64315502348500
-104.95627309498800
-89.81251776537550
-78.16347520413500
-69.20267323395000
-62.30974864150000
-57.00749895500000
-52.92884535000000
-49.79141950000000
-47.37801500000000
-45.52155000000000
-44.09350000000000
-42.99500000000000
-42.15000000000000
-41.50000000000000
-41.00000000000000
-40.50000000000000
-39.85000000000000
-39.00500000000000
-37.90650000000000
-36.47845000000000
-34.62198500000000
-32.20858050000000
-29.07115465000000
-24.99250104500000
-19.69025135850000
-12.79732676605000
-3.83652479586499
0.00000000000000
3.83652479586499
12.79732676605000
19.69025135850000
24.99250104500000
29.07115465000000
32.20858050000000
34.62198500000000
36.47845000000000
37.90650000000000
39.00500000000000
39.85000000000000
40.50000000000000
41.00000000000000
41.50000000000000
42.15000000000000
42.99500000000000
44.09350000000000
45.52155000000000
47.37801500000000
49.79141950000000
52.92884535000000
57.00749895500000
62.30974864150000
69.20267323395000
78.16347520413500
89.81251776537550
104.95627309498800
124.64315502348500
150.23610153053000
183.50693198968900
226.75901158659600
282.98671506257500
356.08272958134700
451.10754845575100
574.63981299247600
735.23175689021900
944.00128395728500
1215.40166914447000
1568.22216988781000
2026.88882085416000
2623.15546711040000
3398.30210724352000