-2357.30210724352000
-1582.15546711040000
-985.88882085415600
-527.22216988781200
-174.40166914447100
96.99871604271500
305.76824310978100
466.36018700752400
589.89245154424900
684.91727041865300
758.01328493742600
814.24098841340400
857.49306801031100
890.76389846947000
916.35684497651600
936.04372690501200
951.18748223462500
962.83652479586500
971.79732676605000
978.69025135850000
983.99250104500000
988.07115465000000
991.20858050000000
993.62198500000000
995.47845000000000
996.90650000000000
998.00500000000000
998.85000000000000
999.50000000000000
1000.00000000000000