
-1139.9802773813999011 0.0000000000000000 1000.0000000000000000
-1089.9802773813999011 0.0000000000000000 1000.0000000000000000
-1039.9802773813999011 0.0000000000000000 1000.0000000000000000
-989.9802773813999011 0.0000000000000000 1000.0000000000000000
-939.9802773813999011 0.0000000000000000 1000.0000000000000000
-889.9802773813999011 0.0000000000000000 1000.0000000000000000
-839.9802773813999011 0.0000000000000000 1000.0000000000000000
-789.9802773813999011 0.0000000000000000 1000.0000000000000000
-739.9802773813999011 0.0000000000000000 1000.0000000000000000
-689.9802773813999011 0.0000000000000000 1000.0000000000000000
-639.9802773813999011 0.0000000000000000 1000.0000000000000000
-589.9802773813999011 0.0000000000000000 1000.0000000000000000
-539.9802773813999011 0.0000000000000000 1000.0000000000000000
-489.9802773813999011 0.0000000000000000 1000.0000000000000000
-439.9802773813999011 0.0000000000000000 1000.0000000000000000
-389.9802773813999011 0.0000000000000000 1000.0000000000000000
-339.9802773813999011 0.0000000000000000 1000.0000000000000000
-289.9802773813999011 0.0000000000000000 1000.0000000000000000
-240.0074574726886283 0.0000000000000000 1001.5287573538637389
-190.0158357925761834 0.0000000000000000 1002.0000000000000000
-140.0158357925761834 0.0000000000000000 1002.0000000000000000
140.2833626999999979 0.0000000000000000 1002.0000000000000000
190.2761296537930207 0.0000000000000000 1001.6869885690033470
240.2371468401897801 0.0000000000000000 1000.0000000000000000
290.2371468401897801 0.0000000000000000 1000.0000000000000000
340.2371468401897801 0.0000000000000000 1000.0000000000000000
390.2371468401897801 0.0000000000000000 1000.0000000000000000
440.2371468401897801 0.0000000000000000 1000.0000000000000000
490.2371468401897801 0.0000000000000000 1000.0000000000000000
540.2371468401897801 0.0000000000000000 1000.0000000000000000
590.2371468401897801 0.0000000000000000 1000.0000000000000000
640.2371468401897801 0.0000000000000000 1000.0000000000000000
690.2371468401897801 0.0000000000000000 1000.0000000000000000
740.2371468401897801 0.0000000000000000 1000.0000000000000000
790.2371468401897801 0.0000000000000000 1000.0000000000000000
840.2371468401897801 0.0000000000000000 1000.0000000000000000
890.2371468401897801 0.0000000000000000 1000.0000000000000000
940.2371468401897801 0.0000000000000000 1000.0000000000000000
990.2371468401897801 0.0000000000000000 1000.0000000000000000
1040.2371468401897801 0.0000000000000000 1000.0000000000000000
1090.2371468401897801 0.0000000000000000 1000.0000000000000000
1140.2371468401897801 0.0000000000000000 1000.0000000000000000
1190.2371468401897801 0.0000000000000000 1000.0000000000000000
