-1139.98027738139990 0.00000000000000 1000.00000000000000 -0.00019455029723
-1089.98027738139990 0.00000000000000 1000.00000000000000 -0.00020790531382
-1039.98027738139990 0.00000000000000 1000.00000000000000 -0.00022126033042
-989.98027738139990 0.00000000000000 1000.00000000000000 -0.00023461534701
-939.98027738139990 0.00000000000000 1000.00000000000000 -0.00024885022058
-889.98027738139990 0.00000000000000 1000.00000000000000 -0.00027314599238
-839.98027738139990 0.00000000000000 1000.00000000000000 -0.00029744176419
-789.98027738139990 0.00000000000000 1000.00000000000000 -0.00032173753599
-739.98027738139990 0.00000000000000 1000.00000000000000 -0.00034603330779
-689.98027738139990 0.00000000000000 1000.00000000000000 -0.00039018010930
-639.98027738139990 0.00000000000000 1000.00000000000000 -0.00043641000339
-589.98027738139990 0.00000000000000 1000.00000000000000 -0.00048263989747
-539.98027738139990 0.00000000000000 1000.00000000000000 -0.00055989773750
-489.98027738139990 0.00000000000000 1000.00000000000000 -0.00065088868421
-439.98027738139990 0.00000000000000 1000.00000000000000 -0.00076215747986
-389.98027738139990 0.00000000000000 1000.00000000000000 -0.00094426622539
-339.98027738139990 0.00000000000000 1000.00000000000000 -0.00118784741904
-289.98027738139990 0.00000000000000 1000.00000000000000 -0.00156083531564
-240.00745747268863 0.00000000000000 1001.52875735386374 -0.00225305863401
-190.01583579257618 0.00000000000000 1002.00000000000000 -0.00351680947607
-140.01583579257618 0.00000000000000 1002.00000000000000 -0.00678821993816
140.28336270000000 0.00000000000000 1002.00000000000000 0.00673588092727
190.27612965379302 0.00000000000000 1001.68698856900335 0.00354084315452
240.23714684018978 0.00000000000000 1000.00000000000000 0.00225067946803
290.23714684018978 0.00000000000000 1000.00000000000000 0.00155193099390
340.23714684018978 0.00000000000000 1000.00000000000000 0.00118439382645
390.23714684018978 0.00000000000000 1000.00000000000000 0.00094338982854
440.23714684018978 0.00000000000000 1000.00000000000000 0.00076108956410
490.23714684018978 0.00000000000000 1000.00000000000000 0.00065032730231
540.23714684018978 0.00000000000000 1000.00000000000000 0.00055943866182
590.23714684018978 0.00000000000000 1000.00000000000000 0.00048247774777
640.23714684018978 0.00000000000000 1000.00000000000000 0.00043623688673
690.23714684018978 0.00000000000000 1000.00000000000000 0.00038999602570
740.23714684018978 0.00000000000000 1000.00000000000000 0.00034595194220
790.23714684018978 0.00000000000000 1000.00000000000000 0.00032165520103
840.23714684018978 0.00000000000000 1000.00000000000000 0.00029735845985
890.23714684018978 0.00000000000000 1000.00000000000000 0.00027306171867
940.23714684018978 0.00000000000000 1000.00000000000000 0.00024876497749
990.23714684018978 0.00000000000000 1000.00000000000000 0.00023458379300
1040.23714684018978 0.00000000000000 1000.00000000000000 0.00022122613250
1090.23714684018978 0.00000000000000 1000.00000000000000 0.00020786847200
1140.23714684018978 0.00000000000000 1000.00000000000000 0.00019451081150
1190.23714684018978 0.00000000000000 1000.00000000000000 0.00018115315100