1 0
2 0
3 0
4 0
5 0
6 0
7 0
8 0
9 0
10 0
11 0
12 0
13 0
14 0
15 0
16 0
17 0
18 0
19 0
20 0
21 0
22 0
23 0
24 0
25 0
26 0
27 0
28 0
29 0
30 0
31 0
32 0
33 0
34 0
35 0
36 0
37 0
38 0
39 0
40 0
41 0
42 0
43 0
44 0
45 0
46 0
47 0
48 0
49 0
50 0
51 0
52 0
53 0
54 0
55 0
56 0
57 0
58 0
59 0
60 0
61 0
62 0
63 0
64 0
65 0
66 0
67 0
68 0
69 0
70 0
71 0
72 0
73 0
74 0
75 0
76 0
77 0
78 0
79 0
80 0
81 0
82 0
83 0
84 0
85 0
86 0
87 0
88 0
89 0
90 0
91 0
92 0
93 0
94 0
95 0
96 0
97 0
98 0
99 0
100 0
101 0
102 0
103 0
104 0
105 0
106 0
107 0
108 0
109 0
110 0
111 0
112 0
113 0
114 0
115 0
116 0
117 0
118 0
119 0
120 0
121 0
122 0
123 0
124 0
125 0
126 0
127 0
128 0
129 0
130 0
131 0
132 0
133 0
134 0
135 0
136 0
137 0
138 0
139 0
140 0
141 0
142 0
143 0
144 0
145 0
146 0
147 0
148 0
149 0
150 0
151 0
152 0
153 0
154 0
155 0
156 0
157 0
158 0
159 0
160 0
161 0
162 0
163 0
164 0
165 0
166 0
167 0
168 0
169 0
170 0
171 0
172 0
173 0
174 0
175 0
176 0
177 0
178 0
179 0
180 0
181 0
182 0
183 0
184 0
185 0
186 0
187 0
188 0
189 0
190 0
191 0
192 0
193 0
194 0
195 0
196 0
197 0
198 0
199 0
200 0
201 0
202 0
203 0
204 0
205 0
206 0
207 0
208 0
209 0
210 0
211 0
212 0
213 0
214 0
215 0
216 0
217 0
218 0
219 0
220 0
221 0
222 0
223 0
224 0
225 0
226 0
227 0
228 0
229 0
230 0
231 0
232 0
233 0
234 0
235 0
236 0
237 0
238 0
239 0
240 0
241 0
242 0
243 0
244 0
245 0
246 0
247 0
248 0
249 0
250 0
251 0
252 0
253 0
254 0
255 0
256 0
257 0
258 0
259 0
260 0
261 0
262 0
263 0
264 0
265 0
266 0
267 0
268 0
269 0
270 0
271 0
272 0
273 0
274 0
275 0
276 0
277 0
278 0
279 0
280 0
281 0
282 0
283 0
284 0
285 0
286 0
287 0
288 0
289 0
290 0
291 0
292 0
293 0
294 0
295 0
296 0
297 0
298 0
299 0
300 0
301 0
302 0
303 0
304 0
305 0
306 0
307 0
308 0
309 0
310 0
311 0
312 0
313 0
314 0
315 0
316 0
317 0
318 0
319 0
320 0
321 0
322 0
323 0
324 0
325 0
326 0
327 0
328 0
329 0
330 0
331 0
332 0
333 0
334 0
335 0
336 0
337 0
338 0
339 0
340 0
341 0
342 0
343 0
344 0
345 0
346 0
347 0
348 0
349 0
350 0
351 0
352 0
353 0
354 0
355 0
356 0
357 0
358 0
359 0
360 0
361 0
362 0
363 0
364 0
365 0
366 0
367 0
368 0
369 0
370 0
371 0
372 0
373 0
374 0
375 0
376 0
377 0
378 0
379 0
380 0
381 0
382 0
383 0
384 0
385 0
386 0
387 0
388 0
389 0
390 0
391 0
392 0
393 0
394 0
395 0
396 0
397 0
398 0
399 0
400 0
401 0
402 0
403 0
404 0
405 0
406 0
407 0
408 0
409 0
410 0
411 0
412 0
413 0
414 0
415 0
416 0
417 0
418 0
419 0
420 0
421 0
422 0
423 0
424 0
425 0
426 0
427 0
428 0
429 0
430 0
431 0
432 0
433 0
434 0
435 0
436 0
437 0
438 0
439 0
440 0
441 0
442 0
443 0
444 0
445 0
446 0
447 0
448 0
449 0
450 0
451 0
452 0
453 0
454 0
455 0
456 0
457 0
458 0
459 0
460 0
461 0
462 0
463 0
464 0
465 0
466 0
467 0
468 0
469 0
470 0
471 0
472 0
473 0
474 0
475 0
476 0
477 0
478 0
479 0
480 0
481 0
482 0
483 0
484 0
485 0
486 0
487 0
488 0
489 0
490 0
491 0
492 0
493 0
494 0
495 0
496 0
497 0
498 0
499 0
500 0
501 0
502 0
503 0
504 0
505 0
506 0
507 0
508 0
509 0
510 0
511 0
512 0
513 0
514 0
515 0
516 0
517 0
518 0
519 0
520 0
521 0
522 0
523 0
524 0
525 0
526 0
527 0
528 0
529 0
530 0
531 0
532 0
533 0
534 0
535 0
536 0
537 0
538 0
539 0
540 0
541 0
542 0
543 0
544 0
545 0
546 0
547 0
548 0
549 0
550 0
551 0
552 0
553 0
554 0
555 0
556 0
557 0
558 0
559 0
560 0
561 0
562 0
563 0
564 0
565 0
566 0
567 0
568 0
569 0
570 0
571 0
572 0
573 0
574 0
575 0
576 0
577 0
578 0
579 0
580 0
581 0
582 0
583 0
584 0
585 0
586 0
587 0
588 0
589 0
590 0
591 0
592 0
593 0
594 0
595 0
596 0
597 0
598 0
599 0
600 0
601 0
602 0
603 0
604 0
605 0
606 0
607 0
608 0
609 0
610 0
611 0
612 0
613 0
614 0
615 0
616 0
617 0
618 0
619 0
620 0
621 0
622 0
623 0
624 0
625 0
626 0
627 0
628 0
629 0
630 0
631 0
632 0
633 0
634 0
635 0
636 0
637 0
638 0
639 0
640 0
641 0
642 0
643 0
644 0
645 0
646 0
647 0
648 0
649 0
650 0
651 0
652 0
653 0
654 0
655 0
656 0
657 0
658 0
659 0
660 0
661 0
662 0
663 0
664 0
665 0
666 0
667 0
668 0
669 0
670 0
671 0
672 0
673 0
674 0
675 0
676 0
677 0
678 0
679 0
680 0
681 0
682 0
683 0
684 0
685 0
686 0
687 0
688 0
689 0
690 0
691 0
692 0
693 0
694 0
695 0
696 0
697 0
698 0
699 0
700 0
701 0
702 0
703 0
704 0
705 0
706 0
707 0
708 0
709 0
710 0
711 0
712 0
713 0
714 0
715 0
716 0
717 0
718 0
719 0
720 0
721 0
722 0
723 0
724 0
725 0
726 0
727 0
728 0
729 0
730 0
731 0
732 0
733 0
734 0
735 0
736 0
737 0
738 0
739 0
740 0
741 0
742 0
743 0
744 0
745 0
746 0
747 0
748 0
749 0
750 0
751 0
752 0
753 0
754 0
755 0
756 0
757 0
758 0
759 0
760 0
761 0
762 0
763 0
764 0
765 0
766 0
767 0
768 0
769 0
770 0
771 0
772 0
773 0
774 0
775 0
776 0
777 0
778 0
779 0
780 0
781 0
782 0
783 0
784 0
785 0
786 0
787 0
788 0
789 0
790 0
791 0
792 0
793 0
794 0
795 0
796 0
797 0
798 0
799 0
800 0
801 0
802 0
803 0
804 0
805 0
806 0
807 0
808 0
809 0
810 0
811 0
812 0
813 0
814 0
815 0
816 0
817 0
818 0
819 0
820 0
821 0
822 0
823 0
824 0
825 0
826 0
827 0
828 0
829 0
830 0
831 0
832 0
833 0
834 0
835 0
836 0
837 0
838 0
839 0
840 0
841 0
842 0
843 0
844 0
845 0
846 0
847 0
848 0
849 0
850 0
851 0
852 0
853 0
854 0
855 0
856 0
857 0
858 0
859 0
860 0
861 0
862 0
863 0
864 0
865 0
866 0
867 0
868 0
869 0
870 0
871 0
872 0
873 0
874 0
875 0
876 0
877 0
878 0
879 0
880 0
881 0
882 0
883 0
884 0
885 0
886 0
887 0
888 0
889 0
890 0
891 0
892 0
893 0
894 0
895 0
896 0
897 0
898 0
899 0
900 0
901 0
902 0
903 0
904 0
905 0
906 0
907 0
908 0
909 0
910 0
911 0
912 0
913 0
914 0
915 0
916 0
917 0
918 0
919 0
920 0
921 0
922 0
923 0
924 0
925 0
926 0
927 0
928 0
929 0
930 0
931 0
932 0
933 0
934 0
935 0
936 0
937 0
938 0
939 0
940 0
941 0
942 0
943 0
944 0
945 0
946 0
947 0
948 0
949 0
950 0
951 0
952 0
953 0
954 0
955 0
956 0
957 0
958 0
959 0
960 0
961 0
962 0
963 0
964 0
965 0
966 0
967 0
968 0
969 0
970 0
971 0
972 0
973 0
974 0
975 0
976 0
977 0
978 0
979 0
980 0
981 0
982 0
983 0
984 0
985 0
986 0
987 0
988 0
989 0
990 0
991 0
992 0
993 0
994 0
995 0
996 0
997 0
998 0
999 0
1000 0
1001 0
1002 0
1003 0
1004 0
1005 0
1006 0
1007 0
1008 0
1009 0
1010 0
1011 0
1012 0
1013 0
1014 0
1015 0
1016 0
1017 0
1018 0
1019 0
1020 0
1021 0
1022 0
1023 0
1024 0
1025 0
1026 0
1027 0
1028 0
1029 0
1030 0
1031 0
1032 0
1033 0
1034 0
1035 0
1036 0
1037 0
1038 0
1039 0
1040 0
1041 0
1042 0
1043 0
1044 0
1045 0
1046 0
1047 0
1048 0
1049 0
1050 0
1051 0
1052 0
1053 0
1054 0
1055 0
1056 0
1057 0
1058 0
1059 0
1060 0
1061 0
1062 0
1063 0
1064 0
1065 0
1066 0
1067 0
1068 0
1069 0
1070 0
1071 0
1072 0
1073 0
1074 0
1075 0
1076 0
1077 0
1078 0
1079 0
1080 0
1081 0
1082 0
1083 0
1084 0
1085 0
1086 0
1087 0
1088 0
1089 0
1090 0
1091 0
1092 0
1093 0
1094 0
1095 0
1096 0
1097 0
1098 0
1099 0
1100 0
1101 0
1102 0
1103 0
1104 0
1105 0
1106 0
1107 0
1108 0
1109 0
1110 0
1111 0
1112 0
1113 0
1114 0
1115 0
1116 0
1117 0
1118 0
1119 0
1120 0
1121 0
1122 0
1123 0
1124 0
1125 0
1126 0
1127 0
1128 0
1129 0
1130 0
1131 0
1132 0
1133 0
1134 0
1135 0
1136 0
1137 0
1138 0
1139 0
1140 0
1141 0
1142 0
1143 0
1144 0
1145 0
1146 0
1147 0
1148 0
1149 0
1150 0
1151 0
1152 0
1153 0
1154 0
1155 0
1156 0
1157 0
1158 0
1159 0
1160 0
1161 0
1162 0
1163 0
1164 0
1165 0
1166 0
1167 0
1168 0
1169 0
1170 0
1171 0
1172 0
1173 0
1174 0
1175 0
1176 0
1177 0
1178 0
1179 0
1180 0
1181 0
1182 0
1183 0
1184 0
1185 0
1186 0
1187 0
1188 0
1189 0
1190 0
1191 0
1192 0
1193 0
1194 0
1195 0
1196 0
1197 0
1198 0
1199 0
1200 0
1201 0
1202 0
1203 0
1204 0
1205 0
1206 0
1207 0
1208 0
1209 0
1210 0
1211 0
1212 0
1213 0
1214 0
1215 0
1216 0
1217 0
1218 0
1219 0
1220 0
1221 0
1222 0
1223 0
1224 0
1225 0
1226 0
1227 0
1228 0
1229 0
1230 0
1231 0
1232 0
1233 0
1234 0
1235 0
1236 0
1237 0
1238 0
1239 0
1240 0
1241 0
1242 0
1243 0
1244 0
1245 0
1246 0
1247 0
1248 0
1249 0
1250 0
1251 0
1252 0
1253 0
1254 0
1255 0
1256 0
1257 0
1258 0
1259 0
1260 0
1261 0
1262 0
1263 0
1264 0
1265 0
1266 0
1267 0
1268 0
1269 0
1270 0
1271 0
1272 0
1273 0
1274 0
1275 0
1276 0
1277 0
1278 0
1279 0
1280 0
1281 0
1282 0
1283 0
1284 0
1285 0
1286 0
1287 0
1288 0
1289 0
1290 0
1291 0
1292 0
1293 0
1294 0
1295 0
1296 0
1297 0
1298 0
1299 0
1300 0
1301 0
1302 0
1303 0
1304 0
1305 0
1306 0
1307 0
1308 0
1309 0
1310 0
1311 0
1312 0
1313 0
1314 0
1315 0
1316 0
1317 0
1318 0
1319 0
1320 0
1321 0
1322 0
1323 0
1324 0
1325 0
1326 0
1327 0
1328 0
1329 0
1330 0
1331 0
1332 0
1333 0
1334 0
1335 0
1336 0
1337 0
1338 0
1339 0
1340 0
1341 0
1342 0
1343 0
1344 0
1345 0
1346 0
1347 0
1348 0
1349 0
1350 0
1351 0
1352 0
1353 0
1354 0
1355 0
1356 0
1357 0
1358 0
1359 0
1360 0
1361 0
1362 0
1363 0
1364 0
1365 0
1366 0
1367 0
1368 0
1369 0
1370 0
1371 0
1372 0
1373 0
1374 0
1375 0
1376 0
1377 0
1378 0
1379 0
1380 0
1381 0
1382 0
1383 0
1384 0
1385 0
1386 0
1387 0
1388 0
1389 0
1390 0
1391 0
1392 0
1393 0
1394 0
1395 0
1396 0
1397 0
1398 0
1399 0
1400 0
1401 0
1402 0
1403 0
1404 0
1405 0
1406 0
1407 0
1408 0
1409 0
1410 0
1411 0
1412 0
1413 0
1414 0
1415 0
1416 0
1417 0
1418 0
1419 0
1420 0
1421 0
1422 0
1423 0
1424 0
1425 0
1426 0
1427 0
1428 0
1429 0
1430 0
1431 0
1432 0
1433 0
1434 0
1435 0
1436 0
1437 0
1438 0
1439 0
1440 0
1441 0
1442 0
1443 0
1444 0
1445 0
1446 0
1447 0
1448 0
1449 0
1450 0
1451 0
1452 0
1453 0
1454 0
1455 0
1456 0
1457 0
1458 0
1459 0
1460 0
1461 0
1462 0
1463 0
1464 0
1465 0
1466 0
1467 0
1468 0
1469 0
1470 0
1471 0
1472 0
1473 0
1474 0
1475 0
1476 0
1477 0
1478 0
1479 0
1480 0
1481 0
1482 0
1483 0
1484 0
1485 0
1486 0
1487 0
1488 0
1489 0
1490 0
1491 0
1492 0
1493 0
1494 0
1495 0
1496 0
1497 0
1498 0
1499 0
1500 0
1501 0
1502 0
1503 0
1504 0
1505 0
1506 0
1507 0
1508 0
1509 0
1510 0
1511 0
1512 0
1513 0
1514 0
1515 0
1516 0
1517 0
1518 0
1519 0
1520 0
1521 0
1522 0
1523 0
1524 0
1525 0
1526 0
1527 0
1528 0
1529 0
1530 0
1531 0
1532 0
1533 0
1534 0
1535 0
1536 0
1537 0
1538 0
1539 0
1540 0
1541 0
1542 0
1543 0
1544 0
1545 0
1546 0
1547 0
1548 0
1549 0
1550 0
1551 0
1552 0
1553 0
1554 0
1555 0
1556 0
1557 0
1558 0
1559 0
1560 0
1561 0
1562 0
1563 0
1564 0
1565 0
1566 0
1567 0
1568 0
1569 0
1570 0
1571 0
1572 0
1573 0
1574 0
1575 0
1576 0
1577 0
1578 0
1579 0
1580 0
1581 0
1582 0
1583 0
1584 0
1585 0
1586 0
1587 0
1588 0
1589 0
1590 0
1591 0
1592 0
1593 0
1594 0
1595 0
1596 0
1597 0
1598 0
1599 0
1600 0
1601 0
1602 0
1603 0
1604 0
1605 0
1606 0
1607 0
1608 0
1609 0
1610 0
1611 0
1612 0
1613 0
1614 0
1615 0
1616 0
1617 0
1618 0
1619 0
1620 0
1621 0
1622 0
1623 0
1624 0
1625 0
1626 0
1627 0
1628 0
1629 0
1630 0
1631 0
1632 0
1633 0
1634 0
1635 0
1636 0
1637 0
1638 0
1639 0
1640 0
1641 0
1642 0
1643 0
1644 0
1645 0
1646 0
1647 0
1648 0
1649 0
1650 0
1651 0
1652 0
1653 0
1654 0
1655 0
1656 0
1657 0
1658 0
1659 0
1660 0
1661 0
1662 0
1663 0
1664 0
1665 0
1666 0
1667 0
1668 0
1669 0
1670 0
1671 0
1672 0
1673 0
1674 0
1675 0
1676 0
1677 0
1678 0
1679 0
1680 0
1681 0
1682 0
1683 0
1684 0
1685 0
1686 0
1687 0
1688 0
1689 0
1690 0
1691 0
1692 0
1693 0
1694 0
1695 0
1696 0
1697 0
1698 0
1699 0
1700 0
1701 0
1702 0
1703 0
1704 0
1705 0
1706 0
1707 0
1708 0
1709 0
1710 0
1711 0
1712 0
1713 0
1714 0
1715 0
1716 0
1717 0
1718 0
1719 0
1720 0
1721 0
1722 0
1723 0
1724 0
1725 0
1726 0
1727 0
1728 0
1729 0
1730 0
1731 0
1732 0
1733 0
1734 0
1735 0
1736 0
1737 0
1738 0
1739 0
1740 0
1741 0
1742 0
1743 0
1744 0
1745 0
1746 0
1747 0
1748 0
1749 0
1750 0
1751 0
1752 0
1753 0
1754 0
1755 0
1756 0
1757 0
1758 0
1759 0
1760 0
1761 0
1762 0
1763 0
1764 0
1765 0
1766 0
1767 0
1768 0
1769 0
1770 0
1771 0
1772 0
1773 0
1774 0
1775 0
1776 0
1777 0
1778 0
1779 0
1780 0
1781 0
1782 0
1783 0
1784 0
1785 0
1786 0
1787 0
1788 0
1789 0
1790 0
1791 0
1792 0
1793 0
1794 0
1795 0
1796 0
1797 0
1798 0
1799 0
1800 0
1801 0
1802 0
1803 0
1804 0
1805 0
1806 0
1807 0
1808 0
1809 0
1810 0
1811 0
1812 0
1813 0
1814 0
1815 0
1816 0
1817 0
1818 0
1819 0
1820 0
1821 0
1822 0
1823 0
1824 0
1825 0
1826 0
1827 0
1828 0
1829 0
1830 0
1831 0
1832 0
1833 0
1834 0
1835 0
1836 0
1837 0
1838 0
1839 0
1840 0
1841 0
1842 0
1843 0
1844 0
1845 0
1846 0
1847 0
1848 0
1849 0
1850 0
1851 0
1852 0
1853 0
1854 0
1855 0
1856 0
1857 0
1858 0
1859 0
1860 0
1861 0
1862 0
1863 0
1864 0
1865 0
1866 0
1867 0
1868 0
1869 0
1870 0
1871 0
1872 0
1873 0
1874 0
1875 0
1876 0
1877 0
1878 0
1879 0
1880 0
1881 0
1882 0
1883 0
1884 0
1885 0
1886 0
1887 0
1888 0
1889 0
1890 0
1891 0
1892 0
1893 0
1894 0
1895 0
1896 0
1897 0
1898 0
1899 0
1900 0
1901 0
1902 0
1903 0
1904 0
1905 0
1906 0
1907 0
1908 0
1909 0
1910 0
1911 0
1912 0
1913 0
1914 0
1915 0
1916 0
1917 0
1918 0
1919 0
1920 0
1921 0
1922 0
1923 0
1924 0
1925 0
1926 0
1927 0
1928 0
1929 0
1930 0
1931 0
1932 0
1933 0
1934 0
1935 0
1936 0
1937 0
1938 0
1939 0
1940 0
1941 0
1942 0
1943 0
1944 0
1945 0
1946 0
1947 0
1948 0
1949 0
1950 0
1951 0
1952 0
1953 0
1954 0
1955 0
1956 0
1957 0
1958 0
1959 0
1960 0
1961 0
1962 0
1963 0
1964 0
1965 0
1966 0
1967 0
1968 0
1969 0
1970 0
1971 0
1972 0
1973 0
1974 0
1975 0
1976 0
1977 0
1978 0
1979 0
1980 0
1981 0
1982 0
1983 0
1984 0
1985 0
1986 0
1987 0
1988 0
1989 0
1990 0
1991 0
1992 0
1993 0
1994 0
1995 0
1996 0
1997 0
1998 0
1999 0
2000 0
2001 0
2002 0
2003 0
2004 0
2005 0
2006 0
2007 0
2008 0
2009 0
2010 0
2011 0
2012 0
2013 0
2014 0
2015 0
2016 0
2017 0
2018 0
2019 0
2020 0
2021 0
2022 0
2023 0
2024 0
2025 0
2026 0
2027 0
2028 0
2029 0
2030 0
2031 0
2032 0
2033 0
2034 0
2035 0
2036 0
2037 0
2038 0
2039 0
2040 0
2041 0
2042 0
2043 0
2044 0
2045 0
2046 0
2047 0
2048 0
2049 0
2050 0
2051 0
2052 0
2053 0
2054 0
2055 0
2056 0
2057 0
2058 0
2059 0
2060 0
2061 0
2062 0
2063 0
2064 0
2065 0
2066 0
2067 0
2068 0
2069 0
2070 0
2071 0
2072 0
2073 0
2074 0
2075 0
2076 0
2077 0
2078 0
2079 0
2080 0
2081 0
2082 0
2083 0
2084 0
2085 0
2086 0
2087 0
2088 0
2089 0
2090 0
2091 0
2092 0
2093 0
2094 0
2095 0
2096 0
2097 0
2098 0
2099 0
2100 0
2101 0
2102 0
2103 0
2104 0
2105 0
2106 0
2107 0
2108 0
2109 0
2110 0
2111 0
2112 0
2113 0
2114 0
2115 0
2116 0
2117 0
2118 0
2119 0
2120 0
2121 0
2122 0
2123 0
2124 0
2125 0
2126 0
2127 0
2128 0
2129 0
2130 0
2131 0
2132 0
2133 0
2134 0
2135 0
2136 0
2137 0
2138 0
2139 0
2140 0
2141 0
2142 0
2143 0
2144 0
2145 0
2146 0
2147 0
2148 0
2149 0
2150 0
2151 0
2152 0
2153 0
2154 0
2155 0
2156 0
2157 0
2158 0
2159 0
2160 0
2161 0
2162 0
2163 0
2164 0
2165 0
2166 0
2167 0
2168 0
2169 0
2170 0
2171 0
2172 0
2173 0
2174 0
2175 0
2176 0
2177 0
2178 0
2179 0
2180 0
2181 0
2182 0
2183 0
2184 0
2185 0
2186 0
2187 0
2188 0
2189 0
2190 0
2191 0
2192 0
2193 0
2194 0
2195 0
2196 0
2197 0
2198 0
2199 0
2200 0
2201 0
2202 0
2203 0
2204 0
2205 0
2206 0
2207 0
2208 0
2209 0
2210 0
2211 0
2212 0
2213 0
2214 0
2215 0
2216 0
2217 0
2218 0
2219 0
2220 0
2221 0
2222 0
2223 0
2224 0
2225 0
2226 0
2227 0
2228 0
2229 0
2230 0
2231 0
2232 0
2233 0
2234 0
2235 0
2236 0
2237 0
2238 0
2239 0
2240 0
2241 0
2242 0
2243 0
2244 0
2245 0
2246 0
2247 0
2248 0
2249 0
2250 0
2251 0
2252 0
2253 0
2254 0
2255 0
2256 0
2257 0
2258 0
2259 0
2260 0
2261 0
2262 0
2263 0
2264 0
2265 0
2266 0
2267 0
2268 0
2269 0
2270 0
2271 0
2272 0
2273 0
2274 0
2275 0
2276 0
2277 0
2278 0
2279 0
2280 0
2281 0
2282 0
2283 0
2284 0
2285 0
2286 0
2287 0
2288 0
2289 0
2290 0
2291 0
2292 0
2293 0
2294 0
2295 0
2296 0
2297 0
2298 0
2299 0
2300 0
2301 0
2302 0
2303 0
2304 0
2305 0
2306 0
2307 0
2308 0
2309 0
2310 0
2311 0
2312 0
2313 0
2314 0
2315 0
2316 0
2317 0
2318 0
2319 0
2320 0
2321 0
2322 0
2323 0
2324 0
2325 0
2326 0
2327 0
2328 0
2329 0
2330 0
2331 0
2332 0
2333 0
2334 0
2335 0
2336 0
2337 0
2338 0
2339 0
2340 0
2341 0
2342 0
2343 0
2344 0
2345 0
2346 0
2347 0
2348 0
2349 0
2350 0
2351 0
2352 0
2353 0
2354 0
2355 0
2356 0
2357 0
2358 0
2359 0
2360 0
2361 0
2362 0
2363 0
2364 0
2365 0
2366 0
2367 0
2368 0
2369 0
2370 0
2371 0
2372 0
2373 0
2374 0
2375 0
2376 0
2377 0
2378 0
2379 0
2380 0
2381 0
2382 0
2383 0
2384 0
2385 0
2386 0
2387 0
2388 0
2389 0
2390 0
2391 0
2392 0
2393 0
2394 0
2395 0
2396 0
2397 0
2398 0
2399 0
2400 0
2401 0
2402 0
2403 0
2404 0
2405 0
2406 0
2407 0
2408 0
2409 0
2410 0
2411 0
2412 0
2413 0
2414 0
2415 0
2416 0
2417 0
2418 0
2419 0
2420 0
2421 0
2422 0
2423 0
2424 0
2425 0
2426 0
2427 0
2428 0
2429 0
2430 0
2431 0
2432 0
2433 0
2434 0
2435 0
2436 0
2437 0
2438 0
2439 0
2440 0
2441 0
2442 0
2443 0
2444 0
2445 0
2446 0
2447 0
2448 0
2449 0
2450 0
2451 0
2452 0
2453 0
2454 0
2455 0
2456 0
2457 0
2458 0
2459 0
2460 0
2461 0
2462 0
2463 0
2464 0
2465 0
2466 0
2467 0
2468 0
2469 0
2470 0
2471 0
2472 0
2473 0
2474 0
2475 0
2476 0
2477 0
2478 0
2479 0
2480 0
2481 0
2482 0
2483 0
2484 0
2485 0
2486 0
2487 0
2488 0
2489 0
2490 0
2491 0
2492 0
2493 0
2494 0
2495 0
2496 0
2497 0
2498 0
2499 0
2500 0
2501 0
2502 0
2503 0
2504 0
2505 0
2506 0
2507 0
2508 0
2509 0
2510 0
2511 0
2512 0
2513 0
2514 0
2515 0
2516 0
2517 0
2518 0
2519 0
2520 0
2521 0
2522 0
2523 0
2524 0
2525 0
2526 0
2527 0
2528 0
2529 0
2530 0
2531 0
2532 0
2533 0
2534 0
2535 0
2536 0
2537 0
2538 0
2539 0
2540 0
2541 0
2542 0
2543 0
2544 0
2545 0
2546 0
2547 0
2548 0
2549 0
2550 0
2551 0
2552 0
2553 0
2554 0
2555 0
2556 0
2557 0
2558 0
2559 0
2560 0
2561 0
2562 0
2563 0
2564 0
2565 0
2566 0
2567 0
2568 0
2569 0
2570 0
2571 0
2572 0
2573 0
2574 0
2575 0
2576 0
2577 0
2578 0
2579 0
2580 0
2581 0
2582 0
2583 0
2584 0
2585 0
2586 0
2587 0
2588 0
2589 0
2590 0
2591 0
2592 0
2593 0
2594 0
2595 0
2596 0
2597 0
2598 0
2599 0
2600 0
2601 0
2602 0
2603 0
2604 0
2605 0
2606 0
2607 0
2608 0
2609 0
2610 0
2611 0
2612 0
2613 0
2614 0
2615 0
2616 0
2617 0
2618 0
2619 0
2620 0
2621 0
2622 0
2623 0
2624 0
2625 0
2626 0
2627 0
2628 0
2629 0
2630 0
2631 0
2632 0
2633 0
2634 0
2635 0
2636 0
2637 0
2638 0
2639 0
2640 0
2641 0
2642 0
2643 0
2644 0
2645 0
2646 0
2647 0
2648 0
2649 0
2650 0
2651 0
2652 0
2653 0
2654 0
2655 0
2656 0
2657 0
2658 0
2659 0
2660 0
2661 0
2662 0
2663 0
2664 0
2665 0
2666 0
2667 0
2668 0
2669 0
2670 0
2671 0
2672 0
2673 0
2674 0
2675 0
2676 0
2677 0
2678 0
2679 0
2680 0
2681 0
2682 0
2683 0
2684 0
2685 0
2686 0
2687 0
2688 0
2689 0
2690 0
2691 0
2692 0
2693 0
2694 0
2695 0
2696 0
2697 0
2698 0
2699 0
2700 0
2701 0
2702 0
2703 0
2704 0
2705 0
2706 0
2707 0
2708 0
2709 0
2710 0
2711 0
2712 0
2713 0
2714 0
2715 0
2716 0
2717 0
2718 0
2719 0
2720 0
2721 0
2722 0
2723 0
2724 0
2725 0
2726 0
2727 0
2728 0
2729 0
2730 0
2731 0
2732 0
2733 0
2734 0
2735 0
2736 0
2737 0
2738 0
2739 0
2740 0
2741 0
2742 0
2743 0
2744 0
2745 0
2746 0
2747 0
2748 0
2749 0
2750 0
2751 0
2752 0
2753 0
2754 0
2755 0
2756 0
2757 0
2758 0
2759 0
2760 0
2761 0
2762 0
2763 0
2764 0
2765 0
2766 0
2767 0
2768 0
2769 0
2770 0
2771 0
2772 0
2773 0
2774 0
2775 0
2776 0
2777 0
2778 0
2779 0
2780 0
2781 0
2782 0
2783 0
2784 0
2785 0
2786 0
2787 0
2788 0
2789 0
2790 0
2791 0
2792 0
2793 0
2794 0
2795 0
2796 0
2797 0
2798 0
2799 0
2800 0
2801 0
2802 0
2803 0
2804 0
2805 0
2806 0
2807 0
2808 0
2809 0
2810 0
2811 0
2812 0
2813 0
2814 0
2815 0
2816 0
2817 0
2818 0
2819 0
2820 0
2821 0
2822 0
2823 0
2824 0
2825 0
2826 0
2827 0
2828 0
2829 0
2830 0
2831 0
2832 0
2833 0
2834 0
2835 0
2836 0
2837 0
2838 0
2839 0
2840 0
2841 0
2842 0
2843 0
2844 0
2845 0
2846 0
2847 0
2848 0
2849 0
2850 0
2851 0
2852 0
2853 0
2854 0
2855 0
2856 0
2857 0
2858 0
2859 0
2860 0
2861 0
2862 0
2863 0
2864 0
2865 0
2866 0
2867 0
2868 0
2869 0
2870 0
2871 0
2872 0
2873 0
2874 0
2875 0
2876 0
2877 0
2878 0
2879 0
2880 0
2881 0
2882 0
2883 0
2884 0
2885 0
2886 0
2887 0
2888 0
2889 0
2890 0
2891 0
2892 0
2893 0
2894 0
2895 0
2896 0
2897 0
2898 0
2899 0
2900 0
2901 0
2902 0
2903 0
2904 0
2905 0
2906 0
2907 0
2908 0
2909 0
2910 0
2911 0
2912 0
2913 0
2914 0
2915 0
2916 0
2917 0
2918 0
2919 0
2920 0
2921 0
2922 0
2923 0
2924 0
2925 0

1 0
66 0
131 0
196 0
261 0
326 0
391 0
456 0
521 0
586 0
651 0
716 0
781 0
846 0
911 0
976 0
1041 0
1106 0
1171 0
1236 0
1301 0
1366 0
1431 0
1496 0
1561 0
1626 0
1691 0
1756 0
1821 0
1886 0
1951 0
2016 0
2081 0
2146 0
2211 0
2276 0
2341 0
2406 0
2471 0
2536 0
2601 0
2666 0
2731 0
2796 0
2861 0
2926 0
2991 0
3056 0
3121 0
3186 0
3251 0
3316 0
3381 0
3446 0
3511 0
3576 0
3641 0
3706 0
3771 0
3836 0
3901 0
3966 0
4031 0
4096 0
4161 0
4226 0
4291 0
4356 0
4421 0
4486 0
4551 0
4616 0
4681 0
4746 0
4811 0
4876 0
4941 0
5006 0
5071 0
5136 0
5201 0
5266 0
5331 0
5396 0
5461 0
5526 0
5591 0
5656 0
5721 0
5786 0
5851 0
5916 0
5981 0
6046 0
6111 0
6176 0
6241 0
6306 0
6371 0
6436 0
6501 0
6566 0
6631 0
6696 0
6761 0
6826 0
6891 0
6956 0
7021 0
7086 0
7151 0
7216 0
7281 0
7346 0
7411 0
7476 0
7541 0
7606 0
7671 0
7736 0
7801 0
7866 0
7931 0
7996 0
8061 0
8126 0
8191 0
8256 0
8321 0
8386 0
8451 0
8516 0
8581 0
8646 0
8711 0
8776 0
8841 0
8906 0
8971 0
9036 0
9101 0
9166 0
9231 0
9296 0
9361 0
9426 0
9491 0
9556 0
9621 0
9686 0
9751 0
9816 0
9881 0
9946 0
10011 0
10076 0
10141 0
10206 0
10271 0
10336 0
10401 0
10466 0
10531 0
10596 0
10661 0
10726 0
10791 0
10856 0
10921 0
10986 0
11051 0
11116 0
11181 0
11246 0
11311 0
11376 0
11441 0
11506 0
11571 0
11636 0
11701 0
11766 0
11831 0
11896 0
11961 0
12026 0
12091 0
12156 0
12221 0
12286 0
12351 0
12416 0
12481 0
12546 0
12611 0
12676 0
12741 0
12806 0
12871 0
12936 0
13001 0
13066 0
13131 0
13196 0
13261 0
13326 0
13391 0
13456 0
13521 0
13586 0
13651 0
13716 0
13781 0
13846 0
13911 0
13976 0
14041 0
14106 0
14171 0
14236 0
14301 0
14366 0
14431 0
14496 0
14561 0
14626 0
14691 0
14756 0
14821 0
14886 0
14951 0
15016 0
15081 0
15146 0
15211 0
15276 0
15341 0
15406 0
15471 0
15536 0
15601 0
15666 0
15731 0
15796 0
15861 0
15926 0
15991 0
16056 0
16121 0
16186 0
16251 0
16316 0
16381 0
16446 0
16511 0
16576 0
16641 0
16706 0
16771 0
16836 0
16901 0
16966 0
17031 0
17096 0
17161 0
17226 0
17291 0
17356 0
17421 0
17486 0
17551 0
17616 0
17681 0
17746 0
17811 0
17876 0
17941 0
18006 0
18071 0
18136 0
18201 0
18266 0
18331 0
18396 0
18461 0
18526 0
18591 0
18656 0
18721 0
18786 0
18851 0
18916 0
18981 0
19046 0
19111 0
19176 0
19241 0
19306 0
19371 0
19436 0
19501 0
19566 0
19631 0
19696 0
19761 0
19826 0
19891 0
19956 0
20021 0
20086 0
20151 0
20216 0
20281 0
20346 0
20411 0
20476 0
20541 0
20606 0
20671 0
20736 0
20801 0
20866 0
20931 0
20996 0
21061 0
21126 0
21191 0
21256 0
21321 0
21386 0
21451 0
21516 0
21581 0
21646 0
21711 0
21776 0
21841 0
21906 0
21971 0
22036 0
22101 0
22166 0
22231 0
22296 0
22361 0
22426 0
22491 0
22556 0
22621 0
22686 0
22751 0
22816 0
22881 0
22946 0
23011 0
23076 0
23141 0
23206 0
23271 0
23336 0
23401 0
23466 0
23531 0
23596 0
23661 0
23726 0
23791 0
23856 0
23921 0
23986 0
24051 0
24116 0
24181 0
24246 0
24311 0
24376 0
24441 0
24506 0
24571 0
24636 0
24701 0
24766 0
24831 0
24896 0
24961 0
25026 0
25091 0
25156 0
25221 0
25286 0
25351 0
25416 0
25481 0
25546 0
25611 0
25676 0
25741 0
25806 0
25871 0
25936 0
26001 0
26066 0
26131 0
26196 0
26261 0
26326 0
26391 0
26456 0
26521 0
26586 0
26651 0
26716 0
26781 0
26846 0
26911 0
26976 0
27041 0
27106 0
27171 0
27236 0
27301 0
27366 0
27431 0
27496 0
27561 0
27626 0
27691 0
27756 0
27821 0
27886 0
27951 0
28016 0
28081 0
28146 0
28211 0
28276 0
28341 0
28406 0
28471 0
28536 0
28601 0
28666 0
28731 0
28796 0
28861 0
28926 0
28991 0
29056 0
29121 0
29186 0
29251 0
29316 0
29381 0
29446 0
29511 0
29576 0
29641 0
29706 0
29771 0
29836 0
29901 0
29966 0
30031 0
30096 0
30161 0
30226 0
30291 0
30356 0
30421 0
30486 0
30551 0
30616 0
30681 0
30746 0
30811 0
30876 0
30941 0
31006 0
31071 0
31136 0
31201 0
31266 0
31331 0
31396 0
31461 0
31526 0
31591 0
31656 0
31721 0
31786 0
31851 0
31916 0
31981 0
32046 0
32111 0
32176 0
32241 0
32306 0
32371 0
32436 0
32501 0
32566 0
32631 0
32696 0
32761 0
32826 0
32891 0
32956 0
33021 0
33086 0
33151 0
33216 0
33281 0
33346 0
33411 0
33476 0
33541 0
33606 0
33671 0
33736 0
33801 0
33866 0
33931 0
33996 0
34061 0
34126 0
34191 0
34256 0
34321 0
34386 0
34451 0
34516 0
34581 0
34646 0
34711 0
34776 0
34841 0
34906 0
34971 0
35036 0
35101 0
35166 0
35231 0
35296 0
35361 0
35426 0
35491 0
35556 0
35621 0
35686 0
35751 0
35816 0
35881 0
35946 0
36011 0
36076 0
36141 0
36206 0
36271 0
36336 0
36401 0
36466 0
36531 0
36596 0
36661 0
36726 0
36791 0
36856 0
36921 0
36986 0
37051 0
37116 0
37181 0
37246 0
37311 0
37376 0
37441 0
37506 0
37571 0
37636 0
37701 0
37766 0
37831 0
37896 0
37961 0
38026 0
38091 0
38156 0
38221 0
38286 0
38351 0
38416 0
38481 0
38546 0
38611 0
38676 0
38741 0
38806 0
38871 0
38936 0
39001 0
39066 0
39131 0
39196 0
39261 0
39326 0
39391 0
39456 0
39521 0
39586 0
39651 0
39716 0
39781 0
39846 0
39911 0
39976 0
40041 0
40106 0
40171 0
40236 0
40301 0
40366 0
40431 0
40496 0
40561 0
40626 0
40691 0
40756 0
40821 0
40886 0
40951 0
41016 0
41081 0
41146 0
41211 0
41276 0
41341 0
41406 0
41471 0
41536 0
41601 0
41666 0
41731 0
41796 0
41861 0
41926 0
41991 0
42056 0
42121 0
42186 0
42251 0
42316 0
42381 0
42446 0
42511 0
42576 0
42641 0
42706 0
42771 0
42836 0
42901 0
42966 0
43031 0
43096 0
43161 0
43226 0
43291 0
43356 0
43421 0
43486 0
43551 0
43616 0
43681 0
43746 0
43811 0
43876 0
43941 0
44006 0
44071 0
44136 0
44201 0
44266 0
44331 0
44396 0
44461 0
44526 0
44591 0
44656 0
44721 0
44786 0
44851 0
44916 0
44981 0
45046 0
45111 0
45176 0
45241 0
45306 0
45371 0
45436 0
45501 0
45566 0
45631 0
45696 0
45761 0
45826 0
45891 0
45956 0
46021 0
46086 0
46151 0
46216 0
46281 0
46346 0
46411 0
46476 0
46541 0
46606 0
46671 0
46736 0
46801 0
46866 0
46931 0
46996 0
47061 0
47126 0
47191 0
47256 0
47321 0
47386 0
47451 0
47516 0
47581 0
47646 0
47711 0
47776 0
47841 0
47906 0
47971 0
48036 0
48101 0
48166 0
48231 0
48296 0
48361 0
48426 0
48491 0
48556 0
48621 0
48686 0
48751 0
48816 0
48881 0
48946 0
49011 0
49076 0
49141 0
49206 0
49271 0
49336 0
49401 0
49466 0
49531 0
49596 0
49661 0
49726 0
49791 0
49856 0
49921 0
49986 0
50051 0
50116 0
50181 0
50246 0
50311 0
50376 0
50441 0
50506 0
50571 0
50636 0
50701 0
50766 0
50831 0
50896 0
50961 0
51026 0
51091 0
51156 0
51221 0
51286 0
51351 0
51416 0
51481 0
51546 0
51611 0
51676 0
51741 0
51806 0
51871 0
51936 0
52001 0
52066 0
52131 0
52196 0
52261 0
52326 0
52391 0
52456 0
52521 0
52586 0
52651 0
52716 0
52781 0
52846 0
52911 0
52976 0
53041 0
53106 0
53171 0
53236 0
53301 0
53366 0
53431 0
53496 0
53561 0
53626 0
53691 0
53756 0
53821 0
53886 0
53951 0
54016 0
54081 0
54146 0
54211 0
54276 0
54341 0
54406 0
54471 0
54536 0
54601 0
54666 0
54731 0
54796 0
54861 0
54926 0
54991 0
55056 0
55121 0
55186 0
55251 0
55316 0
55381 0
55446 0
55511 0
55576 0
55641 0
55706 0
55771 0
55836 0
55901 0
55966 0
56031 0
56096 0
56161 0
56226 0
56291 0
56356 0
56421 0
56486 0
56551 0
56616 0
56681 0
56746 0
56811 0
56876 0
56941 0
57006 0
57071 0
57136 0
57201 0
57266 0
57331 0
57396 0
57461 0
57526 0
57591 0
57656 0
57721 0
57786 0
57851 0
57916 0
57981 0
58046 0
58111 0
58176 0
58241 0
58306 0
58371 0
58436 0
58501 0
58566 0
58631 0
58696 0
58761 0
58826 0
58891 0
58956 0
59021 0
59086 0
59151 0
59216 0
59281 0
59346 0
59411 0
59476 0
59541 0
59606 0
59671 0
59736 0
59801 0
59866 0
59931 0
59996 0
60061 0
60126 0
60191 0
60256 0
60321 0
60386 0
60451 0
60516 0
60581 0
60646 0
60711 0
60776 0
60841 0
60906 0
60971 0
61036 0
61101 0
61166 0
61231 0
61296 0
61361 0
61426 0
61491 0
61556 0
61621 0
61686 0
61751 0
61816 0
61881 0
61946 0
62011 0
62076 0
62141 0
62206 0
62271 0
62336 0
62401 0
62466 0
62531 0
62596 0
62661 0
62726 0
62791 0
62856 0
62921 0
62986 0
63051 0
63116 0
63181 0
63246 0
63311 0
63376 0
63441 0
63506 0
63571 0
63636 0
63701 0
63766 0
63831 0
63896 0
63961 0
64026 0
64091 0
64156 0
64221 0
64286 0
64351 0
64416 0
64481 0
64546 0
64611 0
64676 0
64741 0
64806 0
64871 0
64936 0
65001 0
65066 0
65131 0
65196 0
65261 0
65326 0
65391 0
65456 0
65521 0
65586 0
65651 0
65716 0
65781 0
65846 0
65911 0
65976 0
66041 0
66106 0
66171 0
66236 0
66301 0
66366 0
66431 0
66496 0
66561 0
66626 0
66691 0
66756 0
66821 0
66886 0
66951 0
67016 0
67081 0
67146 0
67211 0
67276 0
67341 0
67406 0
67471 0
67536 0
67601 0
67666 0
67731 0
67796 0
67861 0
67926 0
67991 0
68056 0
68121 0
68186 0
68251 0
68316 0
68381 0
68446 0
68511 0
68576 0
68641 0
68706 0
68771 0
68836 0
68901 0
68966 0
69031 0
69096 0
69161 0
69226 0
69291 0
69356 0
69421 0
69486 0
69551 0
69616 0
69681 0
69746 0
69811 0
69876 0
69941 0
70006 0
70071 0
70136 0

1 0
2 0
3 0
4 0
5 0
6 0
7 0
8 0
9 0
10 0
11 0
12 0
13 0
14 0
15 0
16 0
17 0
18 0
19 0
20 0
21 0
22 0
23 0
24 0
25 0
26 0
27 0
28 0
29 0
30 0
31 0
32 0
33 0
34 0
35 0
36 0
37 0
38 0
39 0
40 0
41 0
42 0
43 0
44 0
45 0
46 0
47 0
48 0
49 0
50 0
51 0
52 0
53 0
54 0
55 0
56 0
57 0
58 0
59 0
60 0
61 0
62 0
63 0
64 0
65 0
2926 0
2927 0
2928 0
2929 0
2930 0
2931 0
2932 0
2933 0
2934 0
2935 0
2936 0
2937 0
2938 0
2939 0
2940 0
2941 0
2942 0
2943 0
2944 0
2945 0
2946 0
2947 0
2948 0
2949 0
2950 0
2951 0
2952 0
2953 0
2954 0
2955 0
2956 0
2957 0
2958 0
2959 0
2960 0
2961 0
2962 0
2963 0
2964 0
2965 0
2966 0
2967 0
2968 0
2969 0
2970 0
2971 0
2972 0
2973 0
2974 0
2975 0
2976 0
2977 0
2978 0
2979 0
2980 0
2981 0
2982 0
2983 0
2984 0
2985 0
2986 0
2987 0
2988 0
2989 0
2990 0
5851 0
5852 0
5853 0
5854 0
5855 0
5856 0
5857 0
5858 0
5859 0
5860 0
5861 0
5862 0
5863 0
5864 0
5865 0
5866 0
5867 0
5868 0
5869 0
5870 0
5871 0
5872 0
5873 0
5874 0
5875 0
5876 0
5877 0
5878 0
5879 0
5880 0
5881 0
5882 0
5883 0
5884 0
5885 0
5886 0
5887 0
5888 0
5889 0
5890 0
5891 0
5892 0
5893 0
5894 0
5895 0
5896 0
5897 0
5898 0
5899 0
5900 0
5901 0
5902 0
5903 0
5904 0
5905 0
5906 0
5907 0
5908 0
5909 0
5910 0
5911 0
5912 0
5913 0
5914 0
5915 0
8776 0
8777 0
8778 0
8779 0
8780 0
8781 0
8782 0
8783 0
8784 0
8785 0
8786 0
8787 0
8788 0
8789 0
8790 0
8791 0
8792 0
8793 0
8794 0
8795 0
8796 0
8797 0
8798 0
8799 0
8800 0
8801 0
8802 0
8803 0
8804 0
8805 0
8806 0
8807 0
8808 0
8809 0
8810 0
8811 0
8812 0
8813 0
8814 0
8815 0
8816 0
8817 0
8818 0
8819 0
8820 0
8821 0
8822 0
8823 0
8824 0
8825 0
8826 0
8827 0
8828 0
8829 0
8830 0
8831 0
8832 0
8833 0
8834 0
8835 0
8836 0
8837 0
8838 0
8839 0
8840 0
11701 0
11702 0
11703 0
11704 0
11705 0
11706 0
11707 0
11708 0
11709 0
11710 0
11711 0
11712 0
11713 0
11714 0
11715 0
11716 0
11717 0
11718 0
11719 0
11720 0
11721 0
11722 0
11723 0
11724 0
11725 0
11726 0
11727 0
11728 0
11729 0
11730 0
11731 0
11732 0
11733 0
11734 0
11735 0
11736 0
11737 0
11738 0
11739 0
11740 0
11741 0
11742 0
11743 0
11744 0
11745 0
11746 0
11747 0
11748 0
11749 0
11750 0
11751 0
11752 0
11753 0
11754 0
11755 0
11756 0
11757 0
11758 0
11759 0
11760 0
11761 0
11762 0
11763 0
11764 0
11765 0
14626 0
14627 0
14628 0
14629 0
14630 0
14631 0
14632 0
14633 0
14634 0
14635 0
14636 0
14637 0
14638 0
14639 0
14640 0
14641 0
14642 0
14643 0
14644 0
14645 0
14646 0
14647 0
14648 0
14649 0
14650 0
14651 0
14652 0
14653 0
14654 0
14655 0
14656 0
14657 0
14658 0
14659 0
14660 0
14661 0
14662 0
14663 0
14664 0
14665 0
14666 0
14667 0
14668 0
14669 0
14670 0
14671 0
14672 0
14673 0
14674 0
14675 0
14676 0
14677 0
14678 0
14679 0
14680 0
14681 0
14682 0
14683 0
14684 0
14685 0
14686 0
14687 0
14688 0
14689 0
14690 0
17551 0
17552 0
17553 0
17554 0
17555 0
17556 0
17557 0
17558 0
17559 0
17560 0
17561 0
17562 0
17563 0
17564 0
17565 0
17566 0
17567 0
17568 0
17569 0
17570 0
17571 0
17572 0
17573 0
17574 0
17575 0
17576 0
17577 0
17578 0
17579 0
17580 0
17581 0
17582 0
17583 0
17584 0
17585 0
17586 0
17587 0
17588 0
17589 0
17590 0
17591 0
17592 0
17593 0
17594 0
17595 0
17596 0
17597 0
17598 0
17599 0
17600 0
17601 0
17602 0
17603 0
17604 0
17605 0
17606 0
17607 0
17608 0
17609 0
17610 0
17611 0
17612 0
17613 0
17614 0
17615 0
20476 0
20477 0
20478 0
20479 0
20480 0
20481 0
20482 0
20483 0
20484 0
20485 0
20486 0
20487 0
20488 0
20489 0
20490 0
20491 0
20492 0
20493 0
20494 0
20495 0
20496 0
20497 0
20498 0
20499 0
20500 0
20501 0
20502 0
20503 0
20504 0
20505 0
20506 0
20507 0
20508 0
20509 0
20510 0
20511 0
20512 0
20513 0
20514 0
20515 0
20516 0
20517 0
20518 0
20519 0
20520 0
20521 0
20522 0
20523 0
20524 0
20525 0
20526 0
20527 0
20528 0
20529 0
20530 0
20531 0
20532 0
20533 0
20534 0
20535 0
20536 0
20537 0
20538 0
20539 0
20540 0
23401 0
23402 0
23403 0
23404 0
23405 0
23406 0
23407 0
23408 0
23409 0
23410 0
23411 0
23412 0
23413 0
23414 0
23415 0
23416 0
23417 0
23418 0
23419 0
23420 0
23421 0
23422 0
23423 0
23424 0
23425 0
23426 0
23427 0
23428 0
23429 0
23430 0
23431 0
23432 0
23433 0
23434 0
23435 0
23436 0
23437 0
23438 0
23439 0
23440 0
23441 0
23442 0
23443 0
23444 0
23445 0
23446 0
23447 0
23448 0
23449 0
23450 0
23451 0
23452 0
23453 0
23454 0
23455 0
23456 0
23457 0
23458 0
23459 0
23460 0
23461 0
23462 0
23463 0
23464 0
23465 0
26326 0
26327 0
26328 0
26329 0
26330 0
26331 0
26332 0
26333 0
26334 0
26335 0
26336 0
26337 0
26338 0
26339 0
26340 0
26341 0
26342 0
26343 0
26344 0
26345 0
26346 0
26347 0
26348 0
26349 0
26350 0
26351 0
26352 0
26353 0
26354 0
26355 0
26356 0
26357 0
26358 0
26359 0
26360 0
26361 0
26362 0
26363 0
26364 0
26365 0
26366 0
26367 0
26368 0
26369 0
26370 0
26371 0
26372 0
26373 0
26374 0
26375 0
26376 0
26377 0
26378 0
26379 0
26380 0
26381 0
26382 0
26383 0
26384 0
26385 0
26386 0
26387 0
26388 0
26389 0
26390 0
29251 0
29252 0
29253 0
29254 0
29255 0
29256 0
29257 0
29258 0
29259 0
29260 0
29261 0
29262 0
29263 0
29264 0
29265 0
29266 0
29267 0
29268 0
29269 0
29270 0
29271 0
29272 0
29273 0
29274 0
29275 0
29276 0
29277 0
29278 0
29279 0
29280 0
29281 0
29282 0
29283 0
29284 0
29285 0
29286 0
29287 0
29288 0
29289 0
29290 0
29291 0
29292 0
29293 0
29294 0
29295 0
29296 0
29297 0
29298 0
29299 0
29300 0
29301 0
29302 0
29303 0
29304 0
29305 0
29306 0
29307 0
29308 0
29309 0
29310 0
29311 0
29312 0
29313 0
29314 0
29315 0
32176 0
32177 0
32178 0
32179 0
32180 0
32181 0
32182 0
32183 0
32184 0
32185 0
32186 0
32187 0
32188 0
32189 0
32190 0
32191 0
32192 0
32193 0
32194 0
32195 0
32196 0
32197 0
32198 0
32199 0
32200 0
32201 0
32202 0
32203 0
32204 0
32205 0
32206 0
32207 0
32208 0
32209 0
32210 0
32211 0
32212 0
32213 0
32214 0
32215 0
32216 0
32217 0
32218 0
32219 0
32220 0
32221 0
32222 0
32223 0
32224 0
32225 0
32226 0
32227 0
32228 0
32229 0
32230 0
32231 0
32232 0
32233 0
32234 0
32235 0
32236 0
32237 0
32238 0
32239 0
32240 0
35101 0
35102 0
35103 0
35104 0
35105 0
35106 0
35107 0
35108 0
35109 0
35110 0
35111 0
35112 0
35113 0
35114 0
35115 0
35116 0
35117 0
35118 0
35119 0
35120 0
35121 0
35122 0
35123 0
35124 0
35125 0
35126 0
35127 0
35128 0
35129 0
35130 0
35131 0
35132 0
35133 0
35134 0
35135 0
35136 0
35137 0
35138 0
35139 0
35140 0
35141 0
35142 0
35143 0
35144 0
35145 0
35146 0
35147 0
35148 0
35149 0
35150 0
35151 0
35152 0
35153 0
35154 0
35155 0
35156 0
35157 0
35158 0
35159 0
35160 0
35161 0
35162 0
35163 0
35164 0
35165 0
38026 0
38027 0
38028 0
38029 0
38030 0
38031 0
38032 0
38033 0
38034 0
38035 0
38036 0
38037 0
38038 0
38039 0
38040 0
38041 0
38042 0
38043 0
38044 0
38045 0
38046 0
38047 0
38048 0
38049 0
38050 0
38051 0
38052 0
38053 0
38054 0
38055 0
38056 0
38057 0
38058 0
38059 0
38060 0
38061 0
38062 0
38063 0
38064 0
38065 0
38066 0
38067 0
38068 0
38069 0
38070 0
38071 0
38072 0
38073 0
38074 0
38075 0
38076 0
38077 0
38078 0
38079 0
38080 0
38081 0
38082 0
38083 0
38084 0
38085 0
38086 0
38087 0
38088 0
38089 0
38090 0
40951 0
40952 0
40953 0
40954 0
40955 0
40956 0
40957 0
40958 0
40959 0
40960 0
40961 0
40962 0
40963 0
40964 0
40965 0
40966 0
40967 0
40968 0
40969 0
40970 0
40971 0
40972 0
40973 0
40974 0
40975 0
40976 0
40977 0
40978 0
40979 0
40980 0
40981 0
40982 0
40983 0
40984 0
40985 0
40986 0
40987 0
40988 0
40989 0
40990 0
40991 0
40992 0
40993 0
40994 0
40995 0
40996 0
40997 0
40998 0
40999 0
41000 0
41001 0
41002 0
41003 0
41004 0
41005 0
41006 0
41007 0
41008 0
41009 0
41010 0
41011 0
41012 0
41013 0
41014 0
41015 0
43876 0
43877 0
43878 0
43879 0
43880 0
43881 0
43882 0
43883 0
43884 0
43885 0
43886 0
43887 0
43888 0
43889 0
43890 0
43891 0
43892 0
43893 0
43894 0
43895 0
43896 0
43897 0
43898 0
43899 0
43900 0
43901 0
43902 0
43903 0
43904 0
43905 0
43906 0
43907 0
43908 0
43909 0
43910 0
43911 0
43912 0
43913 0
43914 0
43915 0
43916 0
43917 0
43918 0
43919 0
43920 0
43921 0
43922 0
43923 0
43924 0
43925 0
43926 0
43927 0
43928 0
43929 0
43930 0
43931 0
43932 0
43933 0
43934 0
43935 0
43936 0
43937 0
43938 0
43939 0
43940 0
46801 0
46802 0
46803 0
46804 0
46805 0
46806 0
46807 0
46808 0
46809 0
46810 0
46811 0
46812 0
46813 0
46814 0
46815 0
46816 0
46817 0
46818 0
46819 0
46820 0
46821 0
46822 0
46823 0
46824 0
46825 0
46826 0
46827 0
46828 0
46829 0
46830 0
46831 0
46832 0
46833 0
46834 0
46835 0
46836 0
46837 0
46838 0
46839 0
46840 0
46841 0
46842 0
46843 0
46844 0
46845 0
46846 0
46847 0
46848 0
46849 0
46850 0
46851 0
46852 0
46853 0
46854 0
46855 0
46856 0
46857 0
46858 0
46859 0
46860 0
46861 0
46862 0
46863 0
46864 0
46865 0
49726 0
49727 0
49728 0
49729 0
49730 0
49731 0
49732 0
49733 0
49734 0
49735 0
49736 0
49737 0
49738 0
49739 0
49740 0
49741 0
49742 0
49743 0
49744 0
49745 0
49746 0
49747 0
49748 0
49749 0
49750 0
49751 0
49752 0
49753 0
49754 0
49755 0
49756 0
49757 0
49758 0
49759 0
49760 0
49761 0
49762 0
49763 0
49764 0
49765 0
49766 0
49767 0
49768 0
49769 0
49770 0
49771 0
49772 0
49773 0
49774 0
49775 0
49776 0
49777 0
49778 0
49779 0
49780 0
49781 0
49782 0
49783 0
49784 0
49785 0
49786 0
49787 0
49788 0
49789 0
49790 0
52651 0
52652 0
52653 0
52654 0
52655 0
52656 0
52657 0
52658 0
52659 0
52660 0
52661 0
52662 0
52663 0
52664 0
52665 0
52666 0
52667 0
52668 0
52669 0
52670 0
52671 0
52672 0
52673 0
52674 0
52675 0
52676 0
52677 0
52678 0
52679 0
52680 0
52681 0
52682 0
52683 0
52684 0
52685 0
52686 0
52687 0
52688 0
52689 0
52690 0
52691 0
52692 0
52693 0
52694 0
52695 0
52696 0
52697 0
52698 0
52699 0
52700 0
52701 0
52702 0
52703 0
52704 0
52705 0
52706 0
52707 0
52708 0
52709 0
52710 0
52711 0
52712 0
52713 0
52714 0
52715 0
55576 0
55577 0
55578 0
55579 0
55580 0
55581 0
55582 0
55583 0
55584 0
55585 0
55586 0
55587 0
55588 0
55589 0
55590 0
55591 0
55592 0
55593 0
55594 0
55595 0
55596 0
55597 0
55598 0
55599 0
55600 0
55601 0
55602 0
55603 0
55604 0
55605 0
55606 0
55607 0
55608 0
55609 0
55610 0
55611 0
55612 0
55613 0
55614 0
55615 0
55616 0
55617 0
55618 0
55619 0
55620 0
55621 0
55622 0
55623 0
55624 0
55625 0
55626 0
55627 0
55628 0
55629 0
55630 0
55631 0
55632 0
55633 0
55634 0
55635 0
55636 0
55637 0
55638 0
55639 0
55640 0
58501 0
58502 0
58503 0
58504 0
58505 0
58506 0
58507 0
58508 0
58509 0
58510 0
58511 0
58512 0
58513 0
58514 0
58515 0
58516 0
58517 0
58518 0
58519 0
58520 0
58521 0
58522 0
58523 0
58524 0
58525 0
58526 0
58527 0
58528 0
58529 0
58530 0
58531 0
58532 0
58533 0
58534 0
58535 0
58536 0
58537 0
58538 0
58539 0
58540 0
58541 0
58542 0
58543 0
58544 0
58545 0
58546 0
58547 0
58548 0
58549 0
58550 0
58551 0
58552 0
58553 0
58554 0
58555 0
58556 0
58557 0
58558 0
58559 0
58560 0
58561 0
58562 0
58563 0
58564 0
58565 0
61426 0
61427 0
61428 0
61429 0
61430 0
61431 0
61432 0
61433 0
61434 0
61435 0
61436 0
61437 0
61438 0
61439 0
61440 0
61441 0
61442 0
61443 0
61444 0
61445 0
61446 0
61447 0
61448 0
61449 0
61450 0
61451 0
61452 0
61453 0
61454 0
61455 0
61456 0
61457 0
61458 0
61459 0
61460 0
61461 0
61462 0
61463 0
61464 0
61465 0
61466 0
61467 0
61468 0
61469 0
61470 0
61471 0
61472 0
61473 0
61474 0
61475 0
61476 0
61477 0
61478 0
61479 0
61480 0
61481 0
61482 0
61483 0
61484 0
61485 0
61486 0
61487 0
61488 0
61489 0
61490 0
64351 0
64352 0
64353 0
64354 0
64355 0
64356 0
64357 0
64358 0
64359 0
64360 0
64361 0
64362 0
64363 0
64364 0
64365 0
64366 0
64367 0
64368 0
64369 0
64370 0
64371 0
64372 0
64373 0
64374 0
64375 0
64376 0
64377 0
64378 0
64379 0
64380 0
64381 0
64382 0
64383 0
64384 0
64385 0
64386 0
64387 0
64388 0
64389 0
64390 0
64391 0
64392 0
64393 0
64394 0
64395 0
64396 0
64397 0
64398 0
64399 0
64400 0
64401 0
64402 0
64403 0
64404 0
64405 0
64406 0
64407 0
64408 0
64409 0
64410 0
64411 0
64412 0
64413 0
64414 0
64415 0
67276 0
67277 0
67278 0
67279 0
67280 0
67281 0
67282 0
67283 0
67284 0
67285 0
67286 0
67287 0
67288 0
67289 0
67290 0
67291 0
67292 0
67293 0
67294 0
67295 0
67296 0
67297 0
67298 0
67299 0
67300 0
67301 0
67302 0
67303 0
67304 0
67305 0
67306 0
67307 0
67308 0
67309 0
67310 0
67311 0
67312 0
67313 0
67314 0
67315 0
67316 0
67317 0
67318 0
67319 0
67320 0
67321 0
67322 0
67323 0
67324 0
67325 0
67326 0
67327 0
67328 0
67329 0
67330 0
67331 0
67332 0
67333 0
67334 0
67335 0
67336 0
67337 0
67338 0
67339 0
67340 0

65 0
130 0
195 0
260 0
325 0
390 0
455 0
520 0
585 0
650 0
715 0
780 0
845 0
910 0
975 0
1040 0
1105 0
1170 0
1235 0
1300 0
1365 0
1430 0
1495 0
1560 0
1625 0
1690 0
1755 0
1820 0
1885 0
1950 0
2015 0
2080 0
2145 0
2210 0
2275 0
2340 0
2405 0
2470 0
2535 0
2600 0
2665 0
2730 0
2795 0
2860 0
2925 0
2990 0
3055 0
3120 0
3185 0
3250 0
3315 0
3380 0
3445 0
3510 0
3575 0
3640 0
3705 0
3770 0
3835 0
3900 0
3965 0
4030 0
4095 0
4160 0
4225 0
4290 0
4355 0
4420 0
4485 0
4550 0
4615 0
4680 0
4745 0
4810 0
4875 0
4940 0
5005 0
5070 0
5135 0
5200 0
5265 0
5330 0
5395 0
5460 0
5525 0
5590 0
5655 0
5720 0
5785 0
5850 0
5915 0
5980 0
6045 0
6110 0
6175 0
6240 0
6305 0
6370 0
6435 0
6500 0
6565 0
6630 0
6695 0
6760 0
6825 0
6890 0
6955 0
7020 0
7085 0
7150 0
7215 0
7280 0
7345 0
7410 0
7475 0
7540 0
7605 0
7670 0
7735 0
7800 0
7865 0
7930 0
7995 0
8060 0
8125 0
8190 0
8255 0
8320 0
8385 0
8450 0
8515 0
8580 0
8645 0
8710 0
8775 0
8840 0
8905 0
8970 0
9035 0
9100 0
9165 0
9230 0
9295 0
9360 0
9425 0
9490 0
9555 0
9620 0
9685 0
9750 0
9815 0
9880 0
9945 0
10010 0
10075 0
10140 0
10205 0
10270 0
10335 0
10400 0
10465 0
10530 0
10595 0
10660 0
10725 0
10790 0
10855 0
10920 0
10985 0
11050 0
11115 0
11180 0
11245 0
11310 0
11375 0
11440 0
11505 0
11570 0
11635 0
11700 0
11765 0
11830 0
11895 0
11960 0
12025 0
12090 0
12155 0
12220 0
12285 0
12350 0
12415 0
12480 0
12545 0
12610 0
12675 0
12740 0
12805 0
12870 0
12935 0
13000 0
13065 0
13130 0
13195 0
13260 0
13325 0
13390 0
13455 0
13520 0
13585 0
13650 0
13715 0
13780 0
13845 0
13910 0
13975 0
14040 0
14105 0
14170 0
14235 0
14300 0
14365 0
14430 0
14495 0
14560 0
14625 0
14690 0
14755 0
14820 0
14885 0
14950 0
15015 0
15080 0
15145 0
15210 0
15275 0
15340 0
15405 0
15470 0
15535 0
15600 0
15665 0
15730 0
15795 0
15860 0
15925 0
15990 0
16055 0
16120 0
16185 0
16250 0
16315 0
16380 0
16445 0
16510 0
16575 0
16640 0
16705 0
16770 0
16835 0
16900 0
16965 0
17030 0
17095 0
17160 0
17225 0
17290 0
17355 0
17420 0
17485 0
17550 0
17615 0
17680 0
17745 0
17810 0
17875 0
17940 0
18005 0
18070 0
18135 0
18200 0
18265 0
18330 0
18395 0
18460 0
18525 0
18590 0
18655 0
18720 0
18785 0
18850 0
18915 0
18980 0
19045 0
19110 0
19175 0
19240 0
19305 0
19370 0
19435 0
19500 0
19565 0
19630 0
19695 0
19760 0
19825 0
19890 0
19955 0
20020 0
20085 0
20150 0
20215 0
20280 0
20345 0
20410 0
20475 0
20540 0
20605 0
20670 0
20735 0
20800 0
20865 0
20930 0
20995 0
21060 0
21125 0
21190 0
21255 0
21320 0
21385 0
21450 0
21515 0
21580 0
21645 0
21710 0
21775 0
21840 0
21905 0
21970 0
22035 0
22100 0
22165 0
22230 0
22295 0
22360 0
22425 0
22490 0
22555 0
22620 0
22685 0
22750 0
22815 0
22880 0
22945 0
23010 0
23075 0
23140 0
23205 0
23270 0
23335 0
23400 0
23465 0
23530 0
23595 0
23660 0
23725 0
23790 0
23855 0
23920 0
23985 0
24050 0
24115 0
24180 0
24245 0
24310 0
24375 0
24440 0
24505 0
24570 0
24635 0
24700 0
24765 0
24830 0
24895 0
24960 0
25025 0
25090 0
25155 0
25220 0
25285 0
25350 0
25415 0
25480 0
25545 0
25610 0
25675 0
25740 0
25805 0
25870 0
25935 0
26000 0
26065 0
26130 0
26195 0
26260 0
26325 0
26390 0
26455 0
26520 0
26585 0
26650 0
26715 0
26780 0
26845 0
26910 0
26975 0
27040 0
27105 0
27170 0
27235 0
27300 0
27365 0
27430 0
27495 0
27560 0
27625 0
27690 0
27755 0
27820 0
27885 0
27950 0
28015 0
28080 0
28145 0
28210 0
28275 0
28340 0
28405 0
28470 0
28535 0
28600 0
28665 0
28730 0
28795 0
28860 0
28925 0
28990 0
29055 0
29120 0
29185 0
29250 0
29315 0
29380 0
29445 0
29510 0
29575 0
29640 0
29705 0
29770 0
29835 0
29900 0
29965 0
30030 0
30095 0
30160 0
30225 0
30290 0
30355 0
30420 0
30485 0
30550 0
30615 0
30680 0
30745 0
30810 0
30875 0
30940 0
31005 0
31070 0
31135 0
31200 0
31265 0
31330 0
31395 0
31460 0
31525 0
31590 0
31655 0
31720 0
31785 0
31850 0
31915 0
31980 0
32045 0
32110 0
32175 0
32240 0
32305 0
32370 0
32435 0
32500 0
32565 0
32630 0
32695 0
32760 0
32825 0
32890 0
32955 0
33020 0
33085 0
33150 0
33215 0
33280 0
33345 0
33410 0
33475 0
33540 0
33605 0
33670 0
33735 0
33800 0
33865 0
33930 0
33995 0
34060 0
34125 0
34190 0
34255 0
34320 0
34385 0
34450 0
34515 0
34580 0
34645 0
34710 0
34775 0
34840 0
34905 0
34970 0
35035 0
35100 0
35165 0
35230 0
35295 0
35360 0
35425 0
35490 0
35555 0
35620 0
35685 0
35750 0
35815 0
35880 0
35945 0
36010 0
36075 0
36140 0
36205 0
36270 0
36335 0
36400 0
36465 0
36530 0
36595 0
36660 0
36725 0
36790 0
36855 0
36920 0
36985 0
37050 0
37115 0
37180 0
37245 0
37310 0
37375 0
37440 0
37505 0
37570 0
37635 0
37700 0
37765 0
37830 0
37895 0
37960 0
38025 0
38090 0
38155 0
38220 0
38285 0
38350 0
38415 0
38480 0
38545 0
38610 0
38675 0
38740 0
38805 0
38870 0
38935 0
39000 0
39065 0
39130 0
39195 0
39260 0
39325 0
39390 0
39455 0
39520 0
39585 0
39650 0
39715 0
39780 0
39845 0
39910 0
39975 0
40040 0
40105 0
40170 0
40235 0
40300 0
40365 0
40430 0
40495 0
40560 0
40625 0
40690 0
40755 0
40820 0
40885 0
40950 0
41015 0
41080 0
41145 0
41210 0
41275 0
41340 0
41405 0
41470 0
41535 0
41600 0
41665 0
41730 0
41795 0
41860 0
41925 0
41990 0
42055 0
42120 0
42185 0
42250 0
42315 0
42380 0
42445 0
42510 0
42575 0
42640 0
42705 0
42770 0
42835 0
42900 0
42965 0
43030 0
43095 0
43160 0
43225 0
43290 0
43355 0
43420 0
43485 0
43550 0
43615 0
43680 0
43745 0
43810 0
43875 0
43940 0
44005 0
44070 0
44135 0
44200 0
44265 0
44330 0
44395 0
44460 0
44525 0
44590 0
44655 0
44720 0
44785 0
44850 0
44915 0
44980 0
45045 0
45110 0
45175 0
45240 0
45305 0
45370 0
45435 0
45500 0
45565 0
45630 0
45695 0
45760 0
45825 0
45890 0
45955 0
46020 0
46085 0
46150 0
46215 0
46280 0
46345 0
46410 0
46475 0
46540 0
46605 0
46670 0
46735 0
46800 0
46865 0
46930 0
46995 0
47060 0
47125 0
47190 0
47255 0
47320 0
47385 0
47450 0
47515 0
47580 0
47645 0
47710 0
47775 0
47840 0
47905 0
47970 0
48035 0
48100 0
48165 0
48230 0
48295 0
48360 0
48425 0
48490 0
48555 0
48620 0
48685 0
48750 0
48815 0
48880 0
48945 0
49010 0
49075 0
49140 0
49205 0
49270 0
49335 0
49400 0
49465 0
49530 0
49595 0
49660 0
49725 0
49790 0
49855 0
49920 0
49985 0
50050 0
50115 0
50180 0
50245 0
50310 0
50375 0
50440 0
50505 0
50570 0
50635 0
50700 0
50765 0
50830 0
50895 0
50960 0
51025 0
51090 0
51155 0
51220 0
51285 0
51350 0
51415 0
51480 0
51545 0
51610 0
51675 0
51740 0
51805 0
51870 0
51935 0
52000 0
52065 0
52130 0
52195 0
52260 0
52325 0
52390 0
52455 0
52520 0
52585 0
52650 0
52715 0
52780 0
52845 0
52910 0
52975 0
53040 0
53105 0
53170 0
53235 0
53300 0
53365 0
53430 0
53495 0
53560 0
53625 0
53690 0
53755 0
53820 0
53885 0
53950 0
54015 0
54080 0
54145 0
54210 0
54275 0
54340 0
54405 0
54470 0
54535 0
54600 0
54665 0
54730 0
54795 0
54860 0
54925 0
54990 0
55055 0
55120 0
55185 0
55250 0
55315 0
55380 0
55445 0
55510 0
55575 0
55640 0
55705 0
55770 0
55835 0
55900 0
55965 0
56030 0
56095 0
56160 0
56225 0
56290 0
56355 0
56420 0
56485 0
56550 0
56615 0
56680 0
56745 0
56810 0
56875 0
56940 0
57005 0
57070 0
57135 0
57200 0
57265 0
57330 0
57395 0
57460 0
57525 0
57590 0
57655 0
57720 0
57785 0
57850 0
57915 0
57980 0
58045 0
58110 0
58175 0
58240 0
58305 0
58370 0
58435 0
58500 0
58565 0
58630 0
58695 0
58760 0
58825 0
58890 0
58955 0
59020 0
59085 0
59150 0
59215 0
59280 0
59345 0
59410 0
59475 0
59540 0
59605 0
59670 0
59735 0
59800 0
59865 0
59930 0
59995 0
60060 0
60125 0
60190 0
60255 0
60320 0
60385 0
60450 0
60515 0
60580 0
60645 0
60710 0
60775 0
60840 0
60905 0
60970 0
61035 0
61100 0
61165 0
61230 0
61295 0
61360 0
61425 0
61490 0
61555 0
61620 0
61685 0
61750 0
61815 0
61880 0
61945 0
62010 0
62075 0
62140 0
62205 0
62270 0
62335 0
62400 0
62465 0
62530 0
62595 0
62660 0
62725 0
62790 0
62855 0
62920 0
62985 0
63050 0
63115 0
63180 0
63245 0
63310 0
63375 0
63440 0
63505 0
63570 0
63635 0
63700 0
63765 0
63830 0
63895 0
63960 0
64025 0
64090 0
64155 0
64220 0
64285 0
64350 0
64415 0
64480 0
64545 0
64610 0
64675 0
64740 0
64805 0
64870 0
64935 0
65000 0
65065 0
65130 0
65195 0
65260 0
65325 0
65390 0
65455 0
65520 0
65585 0
65650 0
65715 0
65780 0
65845 0
65910 0
65975 0
66040 0
66105 0
66170 0
66235 0
66300 0
66365 0
66430 0
66495 0
66560 0
66625 0
66690 0
66755 0
66820 0
66885 0
66950 0
67015 0
67080 0
67145 0
67210 0
67275 0
67340 0
67405 0
67470 0
67535 0
67600 0
67665 0
67730 0
67795 0
67860 0
67925 0
67990 0
68055 0
68120 0
68185 0
68250 0
68315 0
68380 0
68445 0
68510 0
68575 0
68640 0
68705 0
68770 0
68835 0
68900 0
68965 0
69030 0
69095 0
69160 0
69225 0
69290 0
69355 0
69420 0
69485 0
69550 0
69615 0
69680 0
69745 0
69810 0
69875 0
69940 0
70005 0
70070 0
70135 0
70200 0

2861 0
2862 0
2863 0
2864 0
2865 0
2866 0
2867 0
2868 0
2869 0
2870 0
2871 0
2872 0
2873 0
2874 0
2875 0
2876 0
2877 0
2878 0
2879 0
2880 0
2881 0
2882 0
2883 0
2884 0
2885 0
2886 0
2887 0
2888 0
2889 0
2890 0
2891 0
2892 0
2893 0
2894 0
2895 0
2896 0
2897 0
2898 0
2899 0
2900 0
2901 0
2902 0
2903 0
2904 0
2905 0
2906 0
2907 0
2908 0
2909 0
2910 0
2911 0
2912 0
2913 0
2914 0
2915 0
2916 0
2917 0
2918 0
2919 0
2920 0
2921 0
2922 0
2923 0
2924 0
2925 0
5786 0
5787 0
5788 0
5789 0
5790 0
5791 0
5792 0
5793 0
5794 0
5795 0
5796 0
5797 0
5798 0
5799 0
5800 0
5801 0
5802 0
5803 0
5804 0
5805 0
5806 0
5807 0
5808 0
5809 0
5810 0
5811 0
5812 0
5813 0
5814 0
5815 0
5816 0
5817 0
5818 0
5819 0
5820 0
5821 0
5822 0
5823 0
5824 0
5825 0
5826 0
5827 0
5828 0
5829 0
5830 0
5831 0
5832 0
5833 0
5834 0
5835 0
5836 0
5837 0
5838 0
5839 0
5840 0
5841 0
5842 0
5843 0
5844 0
5845 0
5846 0
5847 0
5848 0
5849 0
5850 0
8711 0
8712 0
8713 0
8714 0
8715 0
8716 0
8717 0
8718 0
8719 0
8720 0
8721 0
8722 0
8723 0
8724 0
8725 0
8726 0
8727 0
8728 0
8729 0
8730 0
8731 0
8732 0
8733 0
8734 0
8735 0
8736 0
8737 0
8738 0
8739 0
8740 0
8741 0
8742 0
8743 0
8744 0
8745 0
8746 0
8747 0
8748 0
8749 0
8750 0
8751 0
8752 0
8753 0
8754 0
8755 0
8756 0
8757 0
8758 0
8759 0
8760 0
8761 0
8762 0
8763 0
8764 0
8765 0
8766 0
8767 0
8768 0
8769 0
8770 0
8771 0
8772 0
8773 0
8774 0
8775 0
11636 0
11637 0
11638 0
11639 0
11640 0
11641 0
11642 0
11643 0
11644 0
11645 0
11646 0
11647 0
11648 0
11649 0
11650 0
11651 0
11652 0
11653 0
11654 0
11655 0
11656 0
11657 0
11658 0
11659 0
11660 0
11661 0
11662 0
11663 0
11664 0
11665 0
11666 0
11667 0
11668 0
11669 0
11670 0
11671 0
11672 0
11673 0
11674 0
11675 0
11676 0
11677 0
11678 0
11679 0
11680 0
11681 0
11682 0
11683 0
11684 0
11685 0
11686 0
11687 0
11688 0
11689 0
11690 0
11691 0
11692 0
11693 0
11694 0
11695 0
11696 0
11697 0
11698 0
11699 0
11700 0
14561 0
14562 0
14563 0
14564 0
14565 0
14566 0
14567 0
14568 0
14569 0
14570 0
14571 0
14572 0
14573 0
14574 0
14575 0
14576 0
14577 0
14578 0
14579 0
14580 0
14581 0
14582 0
14583 0
14584 0
14585 0
14586 0
14587 0
14588 0
14589 0
14590 0
14591 0
14592 0
14593 0
14594 0
14595 0
14596 0
14597 0
14598 0
14599 0
14600 0
14601 0
14602 0
14603 0
14604 0
14605 0
14606 0
14607 0
14608 0
14609 0
14610 0
14611 0
14612 0
14613 0
14614 0
14615 0
14616 0
14617 0
14618 0
14619 0
14620 0
14621 0
14622 0
14623 0
14624 0
14625 0
17486 0
17487 0
17488 0
17489 0
17490 0
17491 0
17492 0
17493 0
17494 0
17495 0
17496 0
17497 0
17498 0
17499 0
17500 0
17501 0
17502 0
17503 0
17504 0
17505 0
17506 0
17507 0
17508 0
17509 0
17510 0
17511 0
17512 0
17513 0
17514 0
17515 0
17516 0
17517 0
17518 0
17519 0
17520 0
17521 0
17522 0
17523 0
17524 0
17525 0
17526 0
17527 0
17528 0
17529 0
17530 0
17531 0
17532 0
17533 0
17534 0
17535 0
17536 0
17537 0
17538 0
17539 0
17540 0
17541 0
17542 0
17543 0
17544 0
17545 0
17546 0
17547 0
17548 0
17549 0
17550 0
20411 0
20412 0
20413 0
20414 0
20415 0
20416 0
20417 0
20418 0
20419 0
20420 0
20421 0
20422 0
20423 0
20424 0
20425 0
20426 0
20427 0
20428 0
20429 0
20430 0
20431 0
20432 0
20433 0
20434 0
20435 0
20436 0
20437 0
20438 0
20439 0
20440 0
20441 0
20442 0
20443 0
20444 0
20445 0
20446 0
20447 0
20448 0
20449 0
20450 0
20451 0
20452 0
20453 0
20454 0
20455 0
20456 0
20457 0
20458 0
20459 0
20460 0
20461 0
20462 0
20463 0
20464 0
20465 0
20466 0
20467 0
20468 0
20469 0
20470 0
20471 0
20472 0
20473 0
20474 0
20475 0
23336 0
23337 0
23338 0
23339 0
23340 0
23341 0
23342 0
23343 0
23344 0
23345 0
23346 0
23347 0
23348 0
23349 0
23350 0
23351 0
23352 0
23353 0
23354 0
23355 0
23356 0
23357 0
23358 0
23359 0
23360 0
23361 0
23362 0
23363 0
23364 0
23365 0
23366 0
23367 0
23368 0
23369 0
23370 0
23371 0
23372 0
23373 0
23374 0
23375 0
23376 0
23377 0
23378 0
23379 0
23380 0
23381 0
23382 0
23383 0
23384 0
23385 0
23386 0
23387 0
23388 0
23389 0
23390 0
23391 0
23392 0
23393 0
23394 0
23395 0
23396 0
23397 0
23398 0
23399 0
23400 0
26261 0
26262 0
26263 0
26264 0
26265 0
26266 0
26267 0
26268 0
26269 0
26270 0
26271 0
26272 0
26273 0
26274 0
26275 0
26276 0
26277 0
26278 0
26279 0
26280 0
26281 0
26282 0
26283 0
26284 0
26285 0
26286 0
26287 0
26288 0
26289 0
26290 0
26291 0
26292 0
26293 0
26294 0
26295 0
26296 0
26297 0
26298 0
26299 0
26300 0
26301 0
26302 0
26303 0
26304 0
26305 0
26306 0
26307 0
26308 0
26309 0
26310 0
26311 0
26312 0
26313 0
26314 0
26315 0
26316 0
26317 0
26318 0
26319 0
26320 0
26321 0
26322 0
26323 0
26324 0
26325 0
29186 0
29187 0
29188 0
29189 0
29190 0
29191 0
29192 0
29193 0
29194 0
29195 0
29196 0
29197 0
29198 0
29199 0
29200 0
29201 0
29202 0
29203 0
29204 0
29205 0
29206 0
29207 0
29208 0
29209 0
29210 0
29211 0
29212 0
29213 0
29214 0
29215 0
29216 0
29217 0
29218 0
29219 0
29220 0
29221 0
29222 0
29223 0
29224 0
29225 0
29226 0
29227 0
29228 0
29229 0
29230 0
29231 0
29232 0
29233 0
29234 0
29235 0
29236 0
29237 0
29238 0
29239 0
29240 0
29241 0
29242 0
29243 0
29244 0
29245 0
29246 0
29247 0
29248 0
29249 0
29250 0
32111 0
32112 0
32113 0
32114 0
32115 0
32116 0
32117 0
32118 0
32119 0
32120 0
32121 0
32122 0
32123 0
32124 0
32125 0
32126 0
32127 0
32128 0
32129 0
32130 0
32131 0
32132 0
32133 0
32134 0
32135 0
32136 0
32137 0
32138 0
32139 0
32140 0
32141 0
32142 0
32143 0
32144 0
32145 0
32146 0
32147 0
32148 0
32149 0
32150 0
32151 0
32152 0
32153 0
32154 0
32155 0
32156 0
32157 0
32158 0
32159 0
32160 0
32161 0
32162 0
32163 0
32164 0
32165 0
32166 0
32167 0
32168 0
32169 0
32170 0
32171 0
32172 0
32173 0
32174 0
32175 0
35036 0
35037 0
35038 0
35039 0
35040 0
35041 0
35042 0
35043 0
35044 0
35045 0
35046 0
35047 0
35048 0
35049 0
35050 0
35051 0
35052 0
35053 0
35054 0
35055 0
35056 0
35057 0
35058 0
35059 0
35060 0
35061 0
35062 0
35063 0
35064 0
35065 0
35066 0
35067 0
35068 0
35069 0
35070 0
35071 0
35072 0
35073 0
35074 0
35075 0
35076 0
35077 0
35078 0
35079 0
35080 0
35081 0
35082 0
35083 0
35084 0
35085 0
35086 0
35087 0
35088 0
35089 0
35090 0
35091 0
35092 0
35093 0
35094 0
35095 0
35096 0
35097 0
35098 0
35099 0
35100 0
37961 0
37962 0
37963 0
37964 0
37965 0
37966 0
37967 0
37968 0
37969 0
37970 0
37971 0
37972 0
37973 0
37974 0
37975 0
37976 0
37977 0
37978 0
37979 0
37980 0
37981 0
37982 0
37983 0
37984 0
37985 0
37986 0
37987 0
37988 0
37989 0
37990 0
37991 0
37992 0
37993 0
37994 0
37995 0
37996 0
37997 0
37998 0
37999 0
38000 0
38001 0
38002 0
38003 0
38004 0
38005 0
38006 0
38007 0
38008 0
38009 0
38010 0
38011 0
38012 0
38013 0
38014 0
38015 0
38016 0
38017 0
38018 0
38019 0
38020 0
38021 0
38022 0
38023 0
38024 0
38025 0
40886 0
40887 0
40888 0
40889 0
40890 0
40891 0
40892 0
40893 0
40894 0
40895 0
40896 0
40897 0
40898 0
40899 0
40900 0
40901 0
40902 0
40903 0
40904 0
40905 0
40906 0
40907 0
40908 0
40909 0
40910 0
40911 0
40912 0
40913 0
40914 0
40915 0
40916 0
40917 0
40918 0
40919 0
40920 0
40921 0
40922 0
40923 0
40924 0
40925 0
40926 0
40927 0
40928 0
40929 0
40930 0
40931 0
40932 0
40933 0
40934 0
40935 0
40936 0
40937 0
40938 0
40939 0
40940 0
40941 0
40942 0
40943 0
40944 0
40945 0
40946 0
40947 0
40948 0
40949 0
40950 0
43811 0
43812 0
43813 0
43814 0
43815 0
43816 0
43817 0
43818 0
43819 0
43820 0
43821 0
43822 0
43823 0
43824 0
43825 0
43826 0
43827 0
43828 0
43829 0
43830 0
43831 0
43832 0
43833 0
43834 0
43835 0
43836 0
43837 0
43838 0
43839 0
43840 0
43841 0
43842 0
43843 0
43844 0
43845 0
43846 0
43847 0
43848 0
43849 0
43850 0
43851 0
43852 0
43853 0
43854 0
43855 0
43856 0
43857 0
43858 0
43859 0
43860 0
43861 0
43862 0
43863 0
43864 0
43865 0
43866 0
43867 0
43868 0
43869 0
43870 0
43871 0
43872 0
43873 0
43874 0
43875 0
46736 0
46737 0
46738 0
46739 0
46740 0
46741 0
46742 0
46743 0
46744 0
46745 0
46746 0
46747 0
46748 0
46749 0
46750 0
46751 0
46752 0
46753 0
46754 0
46755 0
46756 0
46757 0
46758 0
46759 0
46760 0
46761 0
46762 0
46763 0
46764 0
46765 0
46766 0
46767 0
46768 0
46769 0
46770 0
46771 0
46772 0
46773 0
46774 0
46775 0
46776 0
46777 0
46778 0
46779 0
46780 0
46781 0
46782 0
46783 0
46784 0
46785 0
46786 0
46787 0
46788 0
46789 0
46790 0
46791 0
46792 0
46793 0
46794 0
46795 0
46796 0
46797 0
46798 0
46799 0
46800 0
49661 0
49662 0
49663 0
49664 0
49665 0
49666 0
49667 0
49668 0
49669 0
49670 0
49671 0
49672 0
49673 0
49674 0
49675 0
49676 0
49677 0
49678 0
49679 0
49680 0
49681 0
49682 0
49683 0
49684 0
49685 0
49686 0
49687 0
49688 0
49689 0
49690 0
49691 0
49692 0
49693 0
49694 0
49695 0
49696 0
49697 0
49698 0
49699 0
49700 0
49701 0
49702 0
49703 0
49704 0
49705 0
49706 0
49707 0
49708 0
49709 0
49710 0
49711 0
49712 0
49713 0
49714 0
49715 0
49716 0
49717 0
49718 0
49719 0
49720 0
49721 0
49722 0
49723 0
49724 0
49725 0
52586 0
52587 0
52588 0
52589 0
52590 0
52591 0
52592 0
52593 0
52594 0
52595 0
52596 0
52597 0
52598 0
52599 0
52600 0
52601 0
52602 0
52603 0
52604 0
52605 0
52606 0
52607 0
52608 0
52609 0
52610 0
52611 0
52612 0
52613 0
52614 0
52615 0
52616 0
52617 0
52618 0
52619 0
52620 0
52621 0
52622 0
52623 0
52624 0
52625 0
52626 0
52627 0
52628 0
52629 0
52630 0
52631 0
52632 0
52633 0
52634 0
52635 0
52636 0
52637 0
52638 0
52639 0
52640 0
52641 0
52642 0
52643 0
52644 0
52645 0
52646 0
52647 0
52648 0
52649 0
52650 0
55511 0
55512 0
55513 0
55514 0
55515 0
55516 0
55517 0
55518 0
55519 0
55520 0
55521 0
55522 0
55523 0
55524 0
55525 0
55526 0
55527 0
55528 0
55529 0
55530 0
55531 0
55532 0
55533 0
55534 0
55535 0
55536 0
55537 0
55538 0
55539 0
55540 0
55541 0
55542 0
55543 0
55544 0
55545 0
55546 0
55547 0
55548 0
55549 0
55550 0
55551 0
55552 0
55553 0
55554 0
55555 0
55556 0
55557 0
55558 0
55559 0
55560 0
55561 0
55562 0
55563 0
55564 0
55565 0
55566 0
55567 0
55568 0
55569 0
55570 0
55571 0
55572 0
55573 0
55574 0
55575 0
58436 0
58437 0
58438 0
58439 0
58440 0
58441 0
58442 0
58443 0
58444 0
58445 0
58446 0
58447 0
58448 0
58449 0
58450 0
58451 0
58452 0
58453 0
58454 0
58455 0
58456 0
58457 0
58458 0
58459 0
58460 0
58461 0
58462 0
58463 0
58464 0
58465 0
58466 0
58467 0
58468 0
58469 0
58470 0
58471 0
58472 0
58473 0
58474 0
58475 0
58476 0
58477 0
58478 0
58479 0
58480 0
58481 0
58482 0
58483 0
58484 0
58485 0
58486 0
58487 0
58488 0
58489 0
58490 0
58491 0
58492 0
58493 0
58494 0
58495 0
58496 0
58497 0
58498 0
58499 0
58500 0
61361 0
61362 0
61363 0
61364 0
61365 0
61366 0
61367 0
61368 0
61369 0
61370 0
61371 0
61372 0
61373 0
61374 0
61375 0
61376 0
61377 0
61378 0
61379 0
61380 0
61381 0
61382 0
61383 0
61384 0
61385 0
61386 0
61387 0
61388 0
61389 0
61390 0
61391 0
61392 0
61393 0
61394 0
61395 0
61396 0
61397 0
61398 0
61399 0
61400 0
61401 0
61402 0
61403 0
61404 0
61405 0
61406 0
61407 0
61408 0
61409 0
61410 0
61411 0
61412 0
61413 0
61414 0
61415 0
61416 0
61417 0
61418 0
61419 0
61420 0
61421 0
61422 0
61423 0
61424 0
61425 0
64286 0
64287 0
64288 0
64289 0
64290 0
64291 0
64292 0
64293 0
64294 0
64295 0
64296 0
64297 0
64298 0
64299 0
64300 0
64301 0
64302 0
64303 0
64304 0
64305 0
64306 0
64307 0
64308 0
64309 0
64310 0
64311 0
64312 0
64313 0
64314 0
64315 0
64316 0
64317 0
64318 0
64319 0
64320 0
64321 0
64322 0
64323 0
64324 0
64325 0
64326 0
64327 0
64328 0
64329 0
64330 0
64331 0
64332 0
64333 0
64334 0
64335 0
64336 0
64337 0
64338 0
64339 0
64340 0
64341 0
64342 0
64343 0
64344 0
64345 0
64346 0
64347 0
64348 0
64349 0
64350 0
67211 0
67212 0
67213 0
67214 0
67215 0
67216 0
67217 0
67218 0
67219 0
67220 0
67221 0
67222 0
67223 0
67224 0
67225 0
67226 0
67227 0
67228 0
67229 0
67230 0
67231 0
67232 0
67233 0
67234 0
67235 0
67236 0
67237 0
67238 0
67239 0
67240 0
67241 0
67242 0
67243 0
67244 0
67245 0
67246 0
67247 0
67248 0
67249 0
67250 0
67251 0
67252 0
67253 0
67254 0
67255 0
67256 0
67257 0
67258 0
67259 0
67260 0
67261 0
67262 0
67263 0
67264 0
67265 0
67266 0
67267 0
67268 0
67269 0
67270 0
67271 0
67272 0
67273 0
67274 0
67275 0
70136 0
70137 0
70138 0
70139 0
70140 0
70141 0
70142 0
70143 0
70144 0
70145 0
70146 0
70147 0
70148 0
70149 0
70150 0
70151 0
70152 0
70153 0
70154 0
70155 0
70156 0
70157 0
70158 0
70159 0
70160 0
70161 0
70162 0
70163 0
70164 0
70165 0
70166 0
70167 0
70168 0
70169 0
70170 0
70171 0
70172 0
70173 0
70174 0
70175 0
70176 0
70177 0
70178 0
70179 0
70180 0
70181 0
70182 0
70183 0
70184 0
70185 0
70186 0
70187 0
70188 0
70189 0
70190 0
70191 0
70192 0
70193 0
70194 0
70195 0
70196 0
70197 0
70198 0
70199 0
70200 0
