
-290.0000000000000000 0.0000000000000000 1000.0000000000000000
-265.0000000000000000 0.0000000000000000 1000.0000000000000000
-240.0000000000000000 0.0000000000000000 1000.0000000000000000
-215.0000000000000000 0.0000000000000000 1000.0000000000000000
-190.8805790306689687 0.0000000000000000 994.2202262377601301
-167.4595950212752200 0.0000000000000000 985.5322232118033980
-144.2876766579696834 0.0000000000000000 976.1480770405045178
-120.3042610616581669 0.0000000000000000 969.1489655258870926
-96.2175096898544098 0.0000000000000000 962.4535634951715792
-71.8394728939466631 0.0000000000000000 957.3663821734322710
-46.9345368269571566 0.0000000000000000 955.1882730165796147
-22.0296007599676464 0.0000000000000000 953.0101638597269584
2.8753353070218708 0.0000000000000000 950.8320547028744159
27.5185692127264616 0.0000000000000000 953.4715194955230118
52.0410086956409543 0.0000000000000000 958.3346421350208857
76.5634481785554470 0.0000000000000000 963.1977647745187596
101.0858876614699398 0.0000000000000000 968.0608874140166336
125.6083271443844325 0.0000000000000000 972.9240100535143938
150.1604152708764275 0.0000000000000000 977.5945006347833441
175.0102580401085390 0.0000000000000000 980.3304308868991939
199.8601008093406506 0.0000000000000000 983.0663611390150436
224.7099435785727621 0.0000000000000000 985.8022913911308933
