-290.00000000000000 1000.00000000000000 17.38040405864968
-265.00000000000000 1000.00000000000000 0.04920433349296
-240.00000000000000 1000.00000000000000 0.02098036139716
-215.00000000000000 1000.00000000000000 0.01243089351482
-190.88057903066897 994.22022623776013 0.00869468137682
-167.45959502127522 985.53222321180340 0.00639641010592
-144.28767665796968 976.14807704050452 0.00457902241111
-120.30426106165817 969.14896552588709 0.00362336065338
-96.21750968985441 962.45356349517158 0.00279585040961
-71.83947289394666 957.36638217343227 0.00214479638302
-46.93453682695716 955.18827301657961 0.00183823299868
-22.02960075996765 953.01016385972696 0.00153215708334
2.87533530702187 950.83205470287442 0.00122581013951
27.51856921272646 953.47151949552301 0.00106899754793
52.04100869564095 958.33464213502089 0.00097186120677
76.56344817855545 963.19776477451876 0.00087260495761
101.08588766146994 968.06088741401663 0.00077460308673
125.60832714438443 972.92401005351439 0.00067821273989
150.16041527087643 977.59450063478334 0.00058919562852
175.01025804010854 980.33043088689919 0.00055698844297
199.86010080934065 983.06636113901504 0.00052432553796
224.70994357857276 985.80229139113089 0.00049218497572
224.70994357857276 985.80229139113089 0.00049218497572
