
-290.0000000000000000 0.0000000000000000 1000.0000000000000000
-265.0000000000000000 0.0000000000000000 1000.0000000000000000
-240.0000000000000000 0.0000000000000000 1000.0000000000000000
-215.0000000000000000 0.0000000000000000 1000.0000000000000000
-190.7013753435361707 0.0000000000000000 1004.4871341860175562
-167.8720450928599064 0.0000000000000000 1014.6675724098347473
-144.6039921381765225 0.0000000000000000 1023.7983434835510934
-120.8247026322747075 0.0000000000000000 1031.5006392048546786
-96.7054186692547262 0.0000000000000000 1038.0204335591954532
-72.2472458004568807 0.0000000000000000 1043.0814062248607570
-47.5046201085564945 0.0000000000000000 1046.6594607060712860
-22.6405385821886327 0.0000000000000000 1048.8442627232639097
2.3479909892941002 0.0000000000000000 1049.6014878252863127
27.2399046963652083 0.0000000000000000 1047.9982590366885233
52.0829608217519819 0.0000000000000000 1045.2013746359878041
76.9260169471387627 0.0000000000000000 1042.4044902352870849
101.0514141418206577 0.0000000000000000 1035.9631915280338035
125.1000933724086366 0.0000000000000000 1029.1323037918543832
149.1676460629658720 0.0000000000000000 1022.3763466499171955
173.5827480660611855 0.0000000000000000 1017.0002147524977545
197.9978500691564989 0.0000000000000000 1011.6240828550781998
222.4129520722518123 0.0000000000000000 1006.2479509576587589
