-290.00000000000000 0.00000000000000 1000.00000000000000 34.97973800953169
-265.00000000000000 0.00000000000000 1000.00000000000000 0.04952683482539
-240.00000000000000 0.00000000000000 1000.00000000000000 0.02032531395307
-215.00000000000000 0.00000000000000 1000.00000000000000 0.01118073640000
-190.70137534353617 0.00000000000000 1004.48713418601756 0.00673934866726
-167.87204509285991 0.00000000000000 1014.66757240983475 0.00478546424379
-144.60399213817652 0.00000000000000 1023.79834348355109 0.00369619660386
-120.82470263227471 0.00000000000000 1031.50063920485468 0.00303906143148
-96.70541866925473 0.00000000000000 1038.02043355919545 0.00255195105910
-72.24724580045688 0.00000000000000 1043.08140622486076 0.00219695176088
-47.50462010855649 0.00000000000000 1046.65946070607129 0.00192856687289
-22.64053858218863 0.00000000000000 1048.84426272326391 0.00170423283369
2.34799098929410 0.00000000000000 1049.60148782528631 0.00152503488895
27.23990469636521 0.00000000000000 1047.99825903668852 0.00138167514487
52.08296082175198 0.00000000000000 1045.20137463598780 0.00125643838534
76.92601694713876 0.00000000000000 1042.40449023528708 0.00113120162580
101.05141414182066 0.00000000000000 1035.96319152803380 0.00103413204646
125.10009337240864 0.00000000000000 1029.13230379185438 0.00094007354748
149.16764606296587 0.00000000000000 1022.37634664991720 0.00084733137723
173.58274806606119 0.00000000000000 1017.00021475249775 0.00077882902041
197.99785006915650 0.00000000000000 1011.62408285507820 0.00071032666359
222.41295207225181 0.00000000000000 1006.24795095765876 0.00064182430677
222.41295207225181 0.00000000000000 1006.24795095765876 0.00064182430677
