7.500000000000001501e-31
1.000000000000000888e+00
2.000000000000000000e+00
1.000000000000000000e+00
2.000000000000000444e+00
3.000000000000000888e+00
2.000000000000000000e+00
3.000000000000000888e+00
4.000000000000000000e+00
1.000000000000000666e+00
2.000000000000000444e+00
3.000000000000001776e+00
2.000000000000000444e+00
3.000000000000001332e+00
4.000000000000000888e+00
3.000000000000000444e+00
4.000000000000002665e+00
5.000000000000000888e+00
2.000000000000000000e+00
3.000000000000000444e+00
4.000000000000000000e+00
3.000000000000000444e+00
3.999999999999999556e+00
5.000000000000001776e+00
4.000000000000000000e+00
5.000000000000001776e+00
6.000000000000000888e+00
