
-290.0000000000000000 0.0000000000000000 1000.0000000000000000
-265.0000000000000000 0.0000000000000000 1000.0000000000000000
-240.0000000000000000 0.0000000000000000 1000.0000000000000000
-215.0000000000000000 0.0000000000000000 1000.0000000000000000
-190.8805790306689687 0.0000000000000000 1005.7797737622398699
-167.4595950212752200 0.0000000000000000 1014.4677767881966020
-144.2876766579696834 0.0000000000000000 1023.8519229594954822
-120.3042610616581669 0.0000000000000000 1030.8510344741127938
-96.2175096898544240 0.0000000000000000 1037.5464365048283071
-71.8394728939467058 0.0000000000000000 1042.6336178265678427
-46.9345368269571992 0.0000000000000000 1044.8117269834203853
-22.0296007599676926 0.0000000000000000 1046.9898361402729279
2.8753353070218104 0.0000000000000000 1049.1679452971254705
27.5185692127263906 0.0000000000000000 1046.5284805044771019
52.0410086956408833 0.0000000000000000 1041.6653578649793417
76.5634481785553760 0.0000000000000000 1036.8022352254813541
101.0858876614698545 0.0000000000000000 1031.9391125859835938
125.6083271443843330 0.0000000000000000 1027.0759899464856062
150.1604152708763422 0.0000000000000000 1022.4054993652166559
175.0102580401084538 0.0000000000000000 1019.6695691131008061
199.8601008093405653 0.0000000000000000 1016.9336388609849564
224.7099435785726769 0.0000000000000000 1014.1977086088691067
