-290.00000000000000 1000.00000000000000 17.38009956725353
-265.00000000000000 1000.00000000000000 0.04878384249053
-240.00000000000000 1000.00000000000000 0.02034499217744
-215.00000000000000 1000.00000000000000 0.01099937458020
-190.88057903066897 1005.77977376223987 0.00686316807211
-167.45959502127522 1014.46777678819660 0.00489613752373
-144.28767665796968 1023.85192295949548 0.00366381098125
-120.30426106165817 1030.85103447411279 0.00308154867132
-96.21750968985442 1037.54643650482831 0.00258206531473
-71.83947289394671 1042.63361782656784 0.00218182876654
-46.93453682695720 1044.81172698342039 0.00196111740798
-22.02960075996769 1046.98983614027293 0.00174040604942
2.87533530702181 1049.16794529712547 0.00151969469086
27.51856921272639 1046.52848050447710 0.00137155292306
52.04100869564088 1041.66535786497934 0.00125690725551
76.56344817855538 1036.80223522548135 0.00114226158795
101.08588766146985 1031.93911258598359 0.00102761592040
125.60832714438433 1027.07598994648561 0.00091297025284
150.16041527087634 1022.40549936521666 0.00080409148402
175.01025804010845 1019.66956911310081 0.00075312837887
199.86010080934057 1016.93363886098496 0.00070216527373
224.70994357857268 1014.19770860886911 0.00065120216858
224.70994357857268 1014.19770860886911 0.00065120216858
