
-290.0000000000000000 0.0000000000000000 1000.0000000000000000
-265.0000000000000000 0.0000000000000000 1000.0000000000000000
-240.0000000000000000 0.0000000000000000 1000.0000000000000000
-215.0000000000000000 0.0000000000000000 1000.0000000000000000
-191.1928048128122839 0.0000000000000000 993.3008950781352269
-167.7292616628405142 0.0000000000000000 984.6717501118356495
-144.2657185128687445 0.0000000000000000 976.0426051455360721
-119.7276044392380356 0.0000000000000000 971.4968953650552521
-95.0558417931738546 0.0000000000000000 967.4590583281910767
-70.3840791471096736 0.0000000000000000 963.4212212913269013
-45.7123165010454926 0.0000000000000000 959.3833842544627259
-21.0405538549813151 0.0000000000000000 955.3455472175985506
3.6312087910828588 0.0000000000000000 951.3077101807343752
28.3514806961140984 0.0000000000000000 952.7045657202112352
53.0913889412474447 0.0000000000000000 956.3013615195836792
77.8312971863807945 0.0000000000000000 959.8981573189561232
102.5712054315141444 0.0000000000000000 963.4949531183285671
127.3111136766474942 0.0000000000000000 967.0917489177010111
152.0510219217808299 0.0000000000000000 970.6885447170734551
176.7909301669141655 0.0000000000000000 974.2853405164457854
201.5308384120475012 0.0000000000000000 977.8821363158182294
226.2707466571808368 0.0000000000000000 981.4789321151905597
