-290.00000000000000 1000.00000000000000 8.60353678902544
-265.00000000000000 1000.00000000000000 0.04556300416379
-240.00000000000000 1000.00000000000000 0.02039889074884
-215.00000000000000 1000.00000000000000 0.01220815821438
-191.19280481281228 993.30089507813523 0.00868193121285
-167.72926166284051 984.67175011183565 0.00646986735771
-144.26571851286874 976.04260514553607 0.00422668342055
-119.72760443923804 971.49689536505525 0.00354051609748
-95.05584179317385 967.45905832819108 0.00307149797368
-70.38407914710967 963.42122129132690 0.00260457878886
-45.71231650104549 959.38338425446273 0.00213426367790
-21.04055385498132 955.34554721759855 0.00166939203836
3.63120879108286 951.30771018073438 0.00119902353836
28.35148069611410 952.70456572021124 0.00104401936092
53.09138894124744 956.30136151958368 0.00099012856095
77.83129718638079 959.89815731895612 0.00093623776098
102.57120543151414 963.49495311832857 0.00088234696101
127.31111367664749 967.09174891770101 0.00081662384387
152.05102192178083 970.68854471707346 0.00076423213530
176.79093016691417 974.28534051644579 0.00071184042673
201.53083841204750 977.88213631581823 0.00065944871816
226.27074665718084 981.47893211519056 0.00060705700959
226.27074665718084 981.47893211519056 0.00060705700959
