
-290.0000000000000000 0.0000000000000000 1000.0000000000000000
-265.0000000000000000 0.0000000000000000 1000.0000000000000000
-240.0000000000000000 0.0000000000000000 1000.0000000000000000
-215.0000000000000000 0.0000000000000000 1000.0000000000000000
-190.9410665270034428 0.0000000000000000 1005.1390580971861937
-167.8334762779673781 0.0000000000000000 1014.6661671619377785
-144.5094997819865910 0.0000000000000000 1023.6447524980443404
-120.7933433866017765 0.0000000000000000 1031.5117021335070149
-96.6776665961904058 0.0000000000000000 1038.0416692831722685
-72.2188213801617565 0.0000000000000000 1043.2151488374329347
-47.4883110968919127 0.0000000000000000 1046.7254387735458749
-22.6239413630486830 0.0000000000000000 1049.0938025411746821
2.3758075225799260 0.0000000000000000 1049.2058545626250634
27.3478177342123594 0.0000000000000000 1048.8467496597793343
52.1617140852450376 0.0000000000000000 1045.8019922178461911
76.9079343445234827 0.0000000000000000 1042.4115162576556486
101.0383384972700611 0.0000000000000000 1035.8751873625410553
125.1687426500166254 0.0000000000000000 1029.3388584674264621
149.1075303541969959 0.0000000000000000 1022.1990895045925072
172.5883094730688185 0.0000000000000000 1013.6169562050712329
196.0690885919406412 0.0000000000000000 1005.0348229055498450
220.1778174098301974 0.0000000000000000 1000.0000000000000000
