-290.00000000000000 1000.00000000000000 34.97530362621688
-265.00000000000000 1000.00000000000000 0.04613367249435
-240.00000000000000 1000.00000000000000 0.01614526624271
-215.00000000000000 1000.00000000000000 0.00721774334271
-190.94106652700344 1005.13905809718619 0.00358367771540
-167.83347627796738 1014.66616716193778 0.00206065429475
-144.50949978198659 1023.64475249804434 0.00139283434200
-120.79334338660178 1031.51170213350701 0.00098600169436
-96.67766659619041 1038.04166928317227 0.00073603754200
-72.21882138016176 1043.21514883743293 0.00057052080387
-47.48831109689191 1046.72543877354587 0.00045394867920
-22.62394136304868 1049.09380254117468 0.00036290453854
2.37580752257993 1049.20585456262506 0.00030249900340
27.34781773421236 1048.84674965977933 0.00024555202885
52.16171408524504 1045.80199221784619 0.00020831927595
76.90793434452348 1042.41151625765565 0.00017238799278
101.03833849727006 1035.87518736254106 0.00014829938553
125.16874265001663 1029.33885846742646 0.00012421077828
149.10753035419700 1022.19908950459251 0.00010252413456
172.58830947306882 1013.61695620507123 0.00008657875122
196.06908859194064 1005.03482290554985 0.00007063336788
220.17781740983020 1000.00000000000000 0.00005805027753
220.17781740983020 1000.00000000000000 0.00005805027753
