-903.001
-694.232
-533.64
-410.108
-315.083
-241.987
-185.759
-142.507
-109.236
-83.6432
-63.9563
-48.8125
-37.1635
-28.2027
-21.3097
-16.0075
-11.9288
-8.79142
-6.37802
-4.52155
-3.0935
-1.995
-1.15
-0.5
0
0.5
1.15
1.995
3.0935
4.52155
6.37802
8.79142
11.9288
16.0075
21.3097
25.3884
28.5258
30.9392
32.7957
34.2237
35.3222
36.1672
36.8172
37.3172
37.8172
38.4672
39.3122
40.4107
41.8388
43.6953
46.1087
49.2461
53.3247
58.627
65.5199
74.4807
86.1298
101.274
120.96
146.553
179.824
223.076
279.304
352.4
447.425
570.957
731.549
940.319
1211.72