
-290.0000000000000000 0.0000000000000000 1000.0000000000000000
-265.0000000000000000 0.0000000000000000 1000.0000000000000000
-240.0000000000000000 0.0000000000000000 1000.0000000000000000
-215.0000000000000000 0.0000000000000000 1000.0000000000000000
-191.1928048128122839 0.0000000000000000 1006.6991049218647731
-167.7292616628405142 0.0000000000000000 1015.3282498881643505
-144.2657185128687445 0.0000000000000000 1023.9573948544639279
-119.7276044392380356 0.0000000000000000 1028.5031046349447479
-95.0558417931738546 0.0000000000000000 1032.5409416718089233
-70.3840791471096736 0.0000000000000000 1036.5787787086730987
-45.7123165010454926 0.0000000000000000 1040.6166157455372741
-21.0405538549813151 0.0000000000000000 1044.6544527824014494
3.6312087910828588 0.0000000000000000 1048.6922898192656248
28.3514806961140984 0.0000000000000000 1047.2954342797888785
53.0913889412474447 0.0000000000000000 1043.6986384804165482
77.8312971863807945 0.0000000000000000 1040.1018426810442179
102.5712054315141444 0.0000000000000000 1036.5050468816718876
127.3111136766474942 0.0000000000000000 1032.9082510822995573
152.0510219217808299 0.0000000000000000 1029.3114552829269996
176.7909301669141655 0.0000000000000000 1025.7146594835546694
201.5308384120475012 0.0000000000000000 1022.1178636841822254
226.2707466571808368 0.0000000000000000 1018.5210678848097814
