-191.19280481281228 1006.69910492186477 0.00707009435575
-167.72926166284051 1015.32824988816435 0.00530446716228
-144.26571851286874 1023.95739485446393 0.00353883996880
-119.72760443923804 1028.50310463494475 0.00305676834477
-95.05584179317385 1032.54094167180892 0.00273433752779
-70.38407914710967 1036.57877870867310 0.00241190671082
-45.71231650104549 1040.61661574553727 0.00208947589384
-21.04055385498132 1044.65445278240145 0.00176704507687
3.63120879108286 1048.69228981926562 0.00144461425989
28.35148069611410 1047.29543427978888 0.00130316568938
53.09138894124744 1043.69863848041655 0.00123497795647
77.83129718638079 1040.10184268104422 0.00116679022357
102.57120543151414 1036.50504688167189 0.00109860249066
127.31111367664749 1032.90825108229956 0.00103041475776
152.05102192178083 1029.31145528292700 0.00096222702485
176.79093016691417 1025.71465948355467 0.00089403929195
201.53083841204750 1022.11786368418223 0.00082585155905
226.27074665718084 1018.52106788480978 0.00075766382614
226.27074665718084 1018.52106788480978 0.00075766382614
