7.499999999999998873e-31
9.999999999999998890e-01
4.000000000000000000e+00
9.999999999999997780e-01
2.000000000000000444e+00
5.000000000000000000e+00
4.000000000000000000e+00
5.000000000000000000e+00
8.000000000000000000e+00
9.999999999999994449e-01
1.999999999999999556e+00
4.999999999999999112e+00
1.999999999999999778e+00
2.999999999999999556e+00
6.000000000000000000e+00
5.000000000000000000e+00
6.000000000000000000e+00
8.999999999999996447e+00
4.000000000000000000e+00
5.000000000000000000e+00
8.000000000000000000e+00
5.000000000000000888e+00
5.999999999999999112e+00
9.000000000000001776e+00
8.000000000000000000e+00
9.000000000000001776e+00
1.200000000000000178e+01
