-1766.8918800354000000
-1274.2612533569300000
-945.8408355712890000
-726.8938903808590000
-580.9292602539060000
-483.6195068359370000
-418.7463378906250000
-375.4975585937500000
-346.6650390625000000
-327.4433593750000000
-314.6289062500000000
-306.0859375000000000
-300.3906250000000000
-296.5937500000000000
-294.0625000000000000
-292.3750000000000000
-291.2500000000000000
-290.5000000000000000
-290.0000000000000000
-289.5000000000000000
-288.7500000000000000
-287.6250000000000000
-285.9375000000000000
-283.4062500000000000
-279.6093750000000000
-273.9140625000000000
-265.3710937500000000
-252.5566406250000000
-233.3349609375000000
-204.5024414062500000
-161.2536621093750000
-103.7327856445310000
-27.2300199462890000
74.5186584323731000
209.8444006759940000
412.8330140414250000
717.3159340895710000