-290.00000000000000 1000.00000000000000 34.97537394392941
-265.00000000000000 1000.00000000000000 0.04623324213302
-240.00000000000000 1000.00000000000000 0.01630292331293
-215.00000000000000 1000.00000000000000 0.00755533040866
-190.00000000000000 1000.00000000000000 0.00407489922118
-165.00000000000000 1000.00000000000000 0.00231578985143
-140.00000000000000 1000.00000000000000 0.00146038258299
-115.00000000000000 1000.00000000000000 0.00095308662917
-90.00000000000000 1000.00000000000000 0.00065650149210
-65.00000000000000 1000.00000000000000 0.00044671173631
-40.00000000000000 1000.00000000000000 0.00033613702010
-15.00000000000000 1000.00000000000000 0.00025125233496
10.00000000000000 1000.00000000000000 0.00019319190570
35.00000000000000 1000.00000000000000 0.00014780041997
60.00000000000000 1000.00000000000000 0.00011763119294
85.00000000000000 1000.00000000000000 0.00009346828463
110.00000000000000 1000.00000000000000 0.00007762527405
135.00000000000000 1000.00000000000000 0.00006178226348
160.00000000000000 1000.00000000000000 0.00005133470051
185.00000000000000 1000.00000000000000 0.00004306171064
210.00000000000000 1000.00000000000000 0.00003481406663
235.00000000000000 1000.00000000000000 0.00003061337173
235.00000000000000 1000.00000000000000 0.00003061337173
