1 2 6 7
-1 -1 -1 -1
2 3 7 8
-1 -1 -1 -1
3 4 8 9
-1 -1 -1 -1
4 5 9 10
-1 -1 -1 -1
6 7 11 12
-1 -1 -1 -1
7 8 12 13
-1 -1 -1 -1
8 9 13 14
-1 -1 -1 -1
9 10 14 15
-1 -1 -1 -1
11 12 16 17
-1 -1 -1 -1
12 13 17 18
-1 -1 -1 -1
13 14 18 19
-1 -1 -1 -1
14 15 19 20
-1 -1 -1 -1
16 17 21 22
-1 -1 -1 -1
17 18 22 23
-1 -1 -1 -1
18 19 23 24
-1 -1 -1 -1
19 20 24 25
-1 -1 -1 -1

1 6 26 31
-1 -1 -1 -1
6 11 31 36
-1 -1 -1 -1
11 16 36 41
-1 -1 -1 -1
16 21 41 46
-1 -1 -1 -1
26 31 51 56
-1 -1 -1 -1
31 36 56 61
-1 -1 -1 -1
36 41 61 66
-1 -1 -1 -1
41 46 66 71
-1 -1 -1 -1
51 56 76 81
-1 -1 -1 -1
56 61 81 86
-1 -1 -1 -1
61 66 86 91
-1 -1 -1 -1
66 71 91 96
-1 -1 -1 -1
76 81 101 106
-1 -1 -1 -1
81 86 106 111
-1 -1 -1 -1
86 91 111 116
-1 -1 -1 -1
91 96 116 121
-1 -1 -1 -1

1 2 26 27
-1 -1 -1 -1
2 3 27 28
-1 -1 -1 -1
3 4 28 29
-1 -1 -1 -1
4 5 29 30
-1 -1 -1 -1
28 29 53 54
-1 -1 -1 -1
29 30 54 55
-1 -1 -1 -1
30 31 55 56
-1 -1 -1 -1
31 32 56 57
-1 -1 -1 -1
55 56 80 81
-1 -1 -1 -1
56 57 81 82
-1 -1 -1 -1
57 58 82 83
-1 -1 -1 -1
58 59 83 84
-1 -1 -1 -1
82 83 107 108
-1 -1 -1 -1
83 84 108 109
-1 -1 -1 -1
84 85 109 110
-1 -1 -1 -1
85 86 110 111
-1 -1 -1 -1

100 101 105 106
1 1 1 1
101 102 106 107
1 1 1 1
102 103 107 108
1 1 1 1
103 104 108 109
1 1 1 1
105 106 110 111
1 1 1 1
106 107 111 112
1 1 1 1
107 108 112 113
1 1 1 1
108 109 113 114
1 1 1 1
110 111 115 116
1 1 1 1
111 112 116 117
1 1 1 1
112 113 117 118
1 1 1 1
113 114 118 119
1 1 1 1
115 116 120 121
1 1 1 1
116 117 121 122
1 1 1 1
117 118 122 123
1 1 1 1
118 119 123 124
1 1 1 1

5 10 30 35
1 1 1 1
10 15 35 40
1 1 1 1
15 20 40 45
1 1 1 1
20 25 45 50
1 1 1 1
30 35 55 60
1 1 1 1
35 40 60 65
1 1 1 1
40 45 65 70
1 1 1 1
45 50 70 75
1 1 1 1
55 60 80 85
1 1 1 1
60 65 85 90
1 1 1 1
65 70 90 95
1 1 1 1
70 75 95 100
1 1 1 1
80 85 105 110
1 1 1 1
85 90 110 115
1 1 1 1
90 95 115 120
1 1 1 1
95 100 120 125
1 1 1 1

20 21 45 46
1 1 1 1
21 22 46 47
1 1 1 1
22 23 47 48
1 1 1 1
23 24 48 49
1 1 1 1
47 48 72 73
1 1 1 1
48 49 73 74
1 1 1 1
49 50 74 75
1 1 1 1
50 51 75 76
1 1 1 1
74 75 99 100
1 1 1 1
75 76 100 101
1 1 1 1
76 77 101 102
1 1 1 1
77 78 102 103
1 1 1 1
101 102 126 127
1 1 1 1
102 103 127 128
1 1 1 1
103 104 128 129
1 1 1 1
104 105 129 130
1 1 1 1
