64
1 2 6 7 26 27 31 32
1
2 3 7 8 27 28 32 33
1
3 4 8 9 28 29 33 34
1
4 5 9 10 29 30 34 35
1
6 7 11 12 31 32 36 37
1
7 8 12 13 32 33 37 38
1
8 9 13 14 33 34 38 39
1
9 10 14 15 34 35 39 40
1
11 12 16 17 36 37 41 42
1
12 13 17 18 37 38 42 43
1
13 14 18 19 38 39 43 44
1
14 15 19 20 39 40 44 45
1
16 17 21 22 41 42 46 47
1
17 18 22 23 42 43 47 48
1
18 19 23 24 43 44 48 49
1
19 20 24 25 44 45 49 50
1
26 27 31 32 51 52 56 57
1
27 28 32 33 52 53 57 58
1
28 29 33 34 53 54 58 59
1
29 30 34 35 54 55 59 60
1
31 32 36 37 56 57 61 62
1
32 33 37 38 57 58 62 63
1
33 34 38 39 58 59 63 64
1
34 35 39 40 59 60 64 65
1
36 37 41 42 61 62 66 67
1
37 38 42 43 62 63 67 68
1
38 39 43 44 63 64 68 69
1
39 40 44 45 64 65 69 70
1
41 42 46 47 66 67 71 72
1
42 43 47 48 67 68 72 73
1
43 44 48 49 68 69 73 74
1
44 45 49 50 69 70 74 75
1
51 52 56 57 76 77 81 82
1
52 53 57 58 77 78 82 83
1
53 54 58 59 78 79 83 84
1
54 55 59 60 79 80 84 85
1
56 57 61 62 81 82 86 87
1
57 58 62 63 82 83 87 88
1
58 59 63 64 83 84 88 89
1
59 60 64 65 84 85 89 90
1
61 62 66 67 86 87 91 92
1
62 63 67 68 87 88 92 93
1
63 64 68 69 88 89 93 94
1
64 65 69 70 89 90 94 95
1
66 67 71 72 91 92 96 97
1
67 68 72 73 92 93 97 98
1
68 69 73 74 93 94 98 99
1
69 70 74 75 94 95 99 100
1
76 77 81 82 101 102 106 107
1
77 78 82 83 102 103 107 108
1
78 79 83 84 103 104 108 109
1
79 80 84 85 104 105 109 110
1
81 82 86 87 106 107 111 112
1
82 83 87 88 107 108 112 113
1
83 84 88 89 108 109 113 114
1
84 85 89 90 109 110 114 115
1
86 87 91 92 111 112 116 117
1
87 88 92 93 112 113 117 118
1
88 89 93 94 113 114 118 119
1
89 90 94 95 114 115 119 120
1
91 92 96 97 116 117 121 122
1
92 93 97 98 117 118 122 123
1
93 94 98 99 118 119 123 124
1
94 95 99 100 119 120 124 125
1
