-3357.30210724352000
-2582.15546711040000
-1985.88882085416000
-1527.22216988781000
-1174.40166914447000
-903.00128395728500
-694.23175689021900
-533.63981299247600
-410.10754845575100
-315.08272958134700
-241.98671506257500
-185.75901158659600
-142.50693198968900
-109.23610153053000
-83.64315502348460
-63.95627309498820
-48.81251776537550
-37.16347520413500
-28.20267323395000
-21.30974864150000
-16.00749895500000
-11.92884535000000
-8.79141950000000
-6.37801500000000
-4.52155000000000
-3.09350000000000
-1.99500000000000
-1.15000000000000
-0.50000000000000
0.00000000000000
0.50000000000000
1.15000000000000
1.99500000000000
3.09350000000000
4.52155000000000
6.37801500000000
8.79141950000000
11.92884535000000
16.00749895500000
21.30974864150000
28.20267323395000
37.16347520413500
48.81251776537550
57.77331973556050
64.66624432801050
69.96849401451050
74.04714761951050
77.18457346951050
79.59797796951050
81.45444296951050
82.88249296951050
83.98099296951050
84.82599296951050
85.47599296951050
85.97599296951050
86.47599296951050
87.12599296951050
87.97099296951050
89.06949296951050
90.49754296951050
92.35400796951050
94.76741246951050
97.90483831951050
101.98349192451100
107.28574161101100
114.17866620346100
123.13946817364600
134.78851073488600
149.93226606449900
169.61914799299500
195.21209450004100
228.48292495920000
271.73500455610600
327.96270803208500
401.05872255085800
496.08354142526200
619.61580596198700
780.20774985973000
988.97727692679600
1260.37766211398000
1613.19816285732000
2071.86481382367000
2668.13146007991000
3443.27810021303000