-1100.00000000000000 0.00000000000000 1000.00000000000000 -0.00022618571406
-1050.00000000000000 0.00000000000000 1000.00000000000000 -0.00024171251187
-1000.00000000000000 0.00000000000000 1000.00000000000000 -0.00025723930969
-950.00000000000000 0.00000000000000 1000.00000000000000 -0.00027276610750
-900.00000000000000 0.00000000000000 1000.00000000000000 -0.00028905367891
-850.00000000000000 0.00000000000000 1000.00000000000000 -0.00031725461245
-800.00000000000000 0.00000000000000 1000.00000000000000 -0.00034545554599
-750.00000000000000 0.00000000000000 1000.00000000000000 -0.00037365647953
-700.00000000000000 0.00000000000000 1000.00000000000000 -0.00040185741306
-650.00000000000000 0.00000000000000 1000.00000000000000 -0.00045247886517
-600.00000000000000 0.00000000000000 1000.00000000000000 -0.00050602416682
-550.00000000000000 0.00000000000000 1000.00000000000000 -0.00055956946846
-500.00000000000000 0.00000000000000 1000.00000000000000 -0.00064768994136
-450.00000000000000 0.00000000000000 1000.00000000000000 -0.00075262549784
-400.00000000000000 0.00000000000000 1000.00000000000000 -0.00087864555394
-350.00000000000000 0.00000000000000 1000.00000000000000 -0.00108788186992
-300.00000000000000 0.00000000000000 1000.00000000000000 -0.00136059713286
-250.00000000000000 0.00000000000000 1000.00000000000000 -0.00178026932057
-200.00000000000000 0.00000000000000 1000.00000000000000 -0.00255177367546
-150.00000000000000 0.00000000000000 1000.00000000000000 -0.00397514468811
-100.00000000000000 0.00000000000000 1000.00000000000000 -0.00749457031181
185.00000000000000 0.00000000000000 1000.00000000000000 0.00750185539862
235.00000000000000 0.00000000000000 1000.00000000000000 0.00396753520407
285.00000000000000 0.00000000000000 1000.00000000000000 0.00254873408092
335.00000000000000 0.00000000000000 1000.00000000000000 0.00177794805762
385.00000000000000 0.00000000000000 1000.00000000000000 0.00136206713829
435.00000000000000 0.00000000000000 1000.00000000000000 0.00108744765101
485.00000000000000 0.00000000000000 1000.00000000000000 0.00087966354280
535.00000000000000 0.00000000000000 1000.00000000000000 0.00075235876108
585.00000000000000 0.00000000000000 1000.00000000000000 0.00064797476870
635.00000000000000 0.00000000000000 1000.00000000000000 0.00055929734202
685.00000000000000 0.00000000000000 1000.00000000000000 0.00050596108622
735.00000000000000 0.00000000000000 1000.00000000000000 0.00045262483043
785.00000000000000 0.00000000000000 1000.00000000000000 0.00040170532705
835.00000000000000 0.00000000000000 1000.00000000000000 0.00037358428697
885.00000000000000 0.00000000000000 1000.00000000000000 0.00034546324690
935.00000000000000 0.00000000000000 1000.00000000000000 0.00031734220682
985.00000000000000 0.00000000000000 1000.00000000000000 0.00028922116675
1035.00000000000000 0.00000000000000 1000.00000000000000 0.00027272147044
1085.00000000000000 0.00000000000000 1000.00000000000000 0.00025722608894
1135.00000000000000 0.00000000000000 1000.00000000000000 0.00024173070744
1185.00000000000000 0.00000000000000 1000.00000000000000 0.00022623532594
1235.00000000000000 0.00000000000000 1000.00000000000000 0.00021073994444