-1766.89 -1032.29 1000
-945.841 -1032.29 1000
-580.929 -1032.29 1000
-418.746 -1032.29 1000
-346.665 -1032.29 1000
-314.629 -1032.29 1000
-300.391 -1032.29 1000
-294.062 -1032.29 1000
-291.25 -1032.29 1000
-290 -1032.29 1000
-288.75 -1032.29 1000
-285.938 -1032.29 1000
-279.609 -1032.29 1000
-265.371 -1032.29 1000
-233.335 -1032.29 1000
-161.254 -1032.29 1000
-27.23 -1032.29 1000
209.844 -1032.29 1000
717.316 -1032.29 1000
-1766.89 -494.442 1000
-945.841 -494.442 1000
-580.929 -494.442 1000
-418.746 -494.442 1000
-346.665 -494.442 1000
-314.629 -494.442 1000
-300.391 -494.442 1000
-294.062 -494.442 1000
-291.25 -494.442 1000
-290 -494.442 1000
-288.75 -494.442 1000
-285.938 -494.442 1000
-279.609 -494.442 1000
-265.371 -494.442 1000
-233.335 -494.442 1000
-161.254 -494.442 1000
-27.23 -494.442 1000
209.844 -494.442 1000
717.316 -494.442 1000
-1766.89 -255.398 1000
-945.841 -255.398 1000
-580.929 -255.398 1000
-418.746 -255.398 1000
-346.665 -255.398 1000
-314.629 -255.398 1000
-300.391 -255.398 1000
-294.062 -255.398 1000
-291.25 -255.398 1000
-290 -255.398 1000
-288.75 -255.398 1000
-285.938 -255.398 1000
-279.609 -255.398 1000
-265.371 -255.398 1000
-233.335 -255.398 1000
-161.254 -255.398 1000
-27.23 -255.398 1000
209.844 -255.398 1000
717.316 -255.398 1000
-1766.89 -143.724 1000
-945.841 -143.724 1000
-580.929 -143.724 1000
-418.746 -143.724 1000
-346.665 -143.724 1000
-314.629 -143.724 1000
-300.391 -143.724 1000
-294.062 -143.724 1000
-291.25 -143.724 1000
-290 -143.724 1000
-288.75 -143.724 1000
-285.938 -143.724 1000
-279.609 -143.724 1000
-265.371 -143.724 1000
-233.335 -143.724 1000
-161.254 -143.724 1000
-27.23 -143.724 976.747
209.844 -143.724 1000
717.316 -143.724 1000
-1766.89 -80.5916 1000
-945.841 -80.5916 1000
-580.929 -80.5916 1000
-418.746 -80.5916 1000
-346.665 -80.5916 1000
-314.629 -80.5916 1000
-300.391 -80.5916 1000
-294.062 -80.5916 1000
-291.25 -80.5916 1000
-290 -80.5916 1000
-288.75 -80.5916 1000
-285.938 -80.5916 1000
-279.609 -80.5916 1000
-265.371 -80.5916 1000
-233.335 -80.5916 1000
-161.254 -80.5916 990.622
-27.23 -80.5916 959.046
209.844 -80.5916 1000
717.316 -80.5916 1000
-1766.89 -44.9017 1000
-945.841 -44.9017 1000
-580.929 -44.9017 1000
-418.746 -44.9017 1000
-346.665 -44.9017 1000
-314.629 -44.9017 1000
-300.391 -44.9017 1000
-294.062 -44.9017 1000
-291.25 -44.9017 1000
-290 -44.9017 1000
-288.75 -44.9017 1000
-285.938 -44.9017 1000
-279.609 -44.9017 1000
-265.371 -44.9017 1000
-233.335 -44.9017 1000
-161.254 -44.9017 985.024
-27.23 -44.9017 953.447
209.844 -44.9017 1000
717.316 -44.9017 1000
-1766.89 -24.7254 1000
-945.841 -24.7254 1000
-580.929 -24.7254 1000
-418.746 -24.7254 1000
-346.665 -24.7254 1000
-314.629 -24.7254 1000
-300.391 -24.7254 1000
-294.062 -24.7254 1000
-291.25 -24.7254 1000
-290 -24.7254 1000
-288.75 -24.7254 1000
-285.938 -24.7254 1000
-279.609 -24.7254 1000
-265.371 -24.7254 1000
-233.335 -24.7254 1000
-161.254 -24.7254 983.268
-27.23 -24.7254 951.691
209.844 -24.7254 1000
717.316 -24.7254 1000
-1766.89 -13.3192 1000
-945.841 -13.3192 1000
-580.929 -13.3192 1000
-418.746 -13.3192 1000
-346.665 -13.3192 1000
-314.629 -13.3192 1000
-300.391 -13.3192 1000
-294.062 -13.3192 1000
-291.25 -13.3192 1000
-290 -13.3192 1000
-288.75 -13.3192 1000
-285.938 -13.3192 1000
-279.609 -13.3192 1000
-265.371 -13.3192 1000
-233.335 -13.3192 1000
-161.254 -13.3192 982.725
-27.23 -13.3192 951.149
209.844 -13.3192 1000
717.316 -13.3192 1000
-1766.89 -6.87106 1000
-945.841 -6.87106 1000
-580.929 -6.87106 1000
-418.746 -6.87106 1000
-346.665 -6.87106 1000
-314.629 -6.87106 1000
-300.391 -6.87106 1000
-294.062 -6.87106 1000
-291.25 -6.87106 1000
-290 -6.87106 1000
-288.75 -6.87106 1000
-285.938 -6.87106 1000
-279.609 -6.87106 1000
-265.371 -6.87106 1000
-233.335 -6.87106 1000
-161.254 -6.87106 982.562
-27.23 -6.87106 950.986
209.844 -6.87106 1000
717.316 -6.87106 1000
-1766.89 -3.22577 1000
-945.841 -3.22577 1000
-580.929 -3.22577 1000
-418.746 -3.22577 1000
-346.665 -3.22577 1000
-314.629 -3.22577 1000
-300.391 -3.22577 1000
-294.062 -3.22577 1000
-291.25 -3.22577 1000
-290 -3.22577 1000
-288.75 -3.22577 1000
-285.938 -3.22577 1000
-279.609 -3.22577 1000
-265.371 -3.22577 1000
-233.335 -3.22577 1000
-161.254 -3.22577 982.516
-27.23 -3.22577 950.94
209.844 -3.22577 1000
717.316 -3.22577 1000
-1766.89 -1.165 1000
-945.841 -1.165 1000
-580.929 -1.165 1000
-418.746 -1.165 1000
-346.665 -1.165 1000
-314.629 -1.165 1000
-300.391 -1.165 1000
-294.062 -1.165 1000
-291.25 -1.165 1000
-290 -1.165 1000
-288.75 -1.165 1000
-285.938 -1.165 1000
-279.609 -1.165 1000
-265.371 -1.165 1000
-233.335 -1.165 1000
-161.254 -1.165 982.505
-27.23 -1.165 950.929
209.844 -1.165 1000
717.316 -1.165 1000
-1766.89 0 1000
-945.841 0 1000
-580.929 0 1000
-418.746 0 1000
-346.665 0 1000
-314.629 0 1000
-300.391 0 1000
-294.062 0 1000
-291.25 0 1000
-290 0 1000
-288.75 0 1000
-285.938 0 1000
-279.609 0 1000
-265.371 0 1000
-233.335 0 1000
-161.254 0 982.503
-27.23 0 950.927
209.844 0 1000
717.316 0 1000
-1766.89 1.165 1000
-945.841 1.165 1000
-580.929 1.165 1000
-418.746 1.165 1000
-346.665 1.165 1000
-314.629 1.165 1000
-300.391 1.165 1000
-294.062 1.165 1000
-291.25 1.165 1000
-290 1.165 1000
-288.75 1.165 1000
-285.938 1.165 1000
-279.609 1.165 1000
-265.371 1.165 1000
-233.335 1.165 1000
-161.254 1.165 982.505
-27.23 1.165 950.929
209.844 1.165 1000
717.316 1.165 1000
-1766.89 3.22577 1000
-945.841 3.22577 1000
-580.929 3.22577 1000
-418.746 3.22577 1000
-346.665 3.22577 1000
-314.629 3.22577 1000
-300.391 3.22577 1000
-294.062 3.22577 1000
-291.25 3.22577 1000
-290 3.22577 1000
-288.75 3.22577 1000
-285.938 3.22577 1000
-279.609 3.22577 1000
-265.371 3.22577 1000
-233.335 3.22577 1000
-161.254 3.22577 982.516
-27.23 3.22577 950.94
209.844 3.22577 1000
717.316 3.22577 1000
-1766.89 6.87106 1000
-945.841 6.87106 1000
-580.929 6.87106 1000
-418.746 6.87106 1000
-346.665 6.87106 1000
-314.629 6.87106 1000
-300.391 6.87106 1000
-294.062 6.87106 1000
-291.25 6.87106 1000
-290 6.87106 1000
-288.75 6.87106 1000
-285.938 6.87106 1000
-279.609 6.87106 1000
-265.371 6.87106 1000
-233.335 6.87106 1000
-161.254 6.87106 982.562
-27.23 6.87106 950.986
209.844 6.87106 1000
717.316 6.87106 1000
-1766.89 13.3192 1000
-945.841 13.3192 1000
-580.929 13.3192 1000
-418.746 13.3192 1000
-346.665 13.3192 1000
-314.629 13.3192 1000
-300.391 13.3192 1000
-294.062 13.3192 1000
-291.25 13.3192 1000
-290 13.3192 1000
-288.75 13.3192 1000
-285.938 13.3192 1000
-279.609 13.3192 1000
-265.371 13.3192 1000
-233.335 13.3192 1000
-161.254 13.3192 982.725
-27.23 13.3192 951.149
209.844 13.3192 1000
717.316 13.3192 1000
-1766.89 24.7254 1000
-945.841 24.7254 1000
-580.929 24.7254 1000
-418.746 24.7254 1000
-346.665 24.7254 1000
-314.629 24.7254 1000
-300.391 24.7254 1000
-294.062 24.7254 1000
-291.25 24.7254 1000
-290 24.7254 1000
-288.75 24.7254 1000
-285.938 24.7254 1000
-279.609 24.7254 1000
-265.371 24.7254 1000
-233.335 24.7254 1000
-161.254 24.7254 983.268
-27.23 24.7254 951.691
209.844 24.7254 1000
717.316 24.7254 1000
-1766.89 44.9017 1000
-945.841 44.9017 1000
-580.929 44.9017 1000
-418.746 44.9017 1000
-346.665 44.9017 1000
-314.629 44.9017 1000
-300.391 44.9017 1000
-294.062 44.9017 1000
-291.25 44.9017 1000
-290 44.9017 1000
-288.75 44.9017 1000
-285.938 44.9017 1000
-279.609 44.9017 1000
-265.371 44.9017 1000
-233.335 44.9017 1000
-161.254 44.9017 985.024
-27.23 44.9017 953.447
209.844 44.9017 1000
717.316 44.9017 1000
-1766.89 80.5916 1000
-945.841 80.5916 1000
-580.929 80.5916 1000
-418.746 80.5916 1000
-346.665 80.5916 1000
-314.629 80.5916 1000
-300.391 80.5916 1000
-294.062 80.5916 1000
-291.25 80.5916 1000
-290 80.5916 1000
-288.75 80.5916 1000
-285.938 80.5916 1000
-279.609 80.5916 1000
-265.371 80.5916 1000
-233.335 80.5916 1000
-161.254 80.5916 990.622
-27.23 80.5916 959.046
209.844 80.5916 1000
717.316 80.5916 1000
-1766.89 143.724 1000
-945.841 143.724 1000
-580.929 143.724 1000
-418.746 143.724 1000
-346.665 143.724 1000
-314.629 143.724 1000
-300.391 143.724 1000
-294.062 143.724 1000
-291.25 143.724 1000
-290 143.724 1000
-288.75 143.724 1000
-285.938 143.724 1000
-279.609 143.724 1000
-265.371 143.724 1000
-233.335 143.724 1000
-161.254 143.724 1000
-27.23 143.724 976.747
209.844 143.724 1000
717.316 143.724 1000
-1766.89 255.398 1000
-945.841 255.398 1000
-580.929 255.398 1000
-418.746 255.398 1000
-346.665 255.398 1000
-314.629 255.398 1000
-300.391 255.398 1000
-294.062 255.398 1000
-291.25 255.398 1000
-290 255.398 1000
-288.75 255.398 1000
-285.938 255.398 1000
-279.609 255.398 1000
-265.371 255.398 1000
-233.335 255.398 1000
-161.254 255.398 1000
-27.23 255.398 1000
209.844 255.398 1000
717.316 255.398 1000
-1766.89 494.442 1000
-945.841 494.442 1000
-580.929 494.442 1000
-418.746 494.442 1000
-346.665 494.442 1000
-314.629 494.442 1000
-300.391 494.442 1000
-294.062 494.442 1000
-291.25 494.442 1000
-290 494.442 1000
-288.75 494.442 1000
-285.938 494.442 1000
-279.609 494.442 1000
-265.371 494.442 1000
-233.335 494.442 1000
-161.254 494.442 1000
-27.23 494.442 1000
209.844 494.442 1000
717.316 494.442 1000
-1766.89 1032.29 1000
-945.841 1032.29 1000
-580.929 1032.29 1000
-418.746 1032.29 1000
-346.665 1032.29 1000
-314.629 1032.29 1000
-300.391 1032.29 1000
-294.062 1032.29 1000
-291.25 1032.29 1000
-290 1032.29 1000
-288.75 1032.29 1000
-285.938 1032.29 1000
-279.609 1032.29 1000
-265.371 1032.29 1000
-233.335 1032.29 1000
-161.254 1032.29 1000
-27.23 1032.29 1000
209.844 1032.29 1000
717.316 1032.29 1000
