
-290.0000000000000000 0.0000000000000000 1000.0000000000000000
-265.0000000000000000 0.0000000000000000 1000.0000000000000000
-240.0000000000000000 0.0000000000000000 1000.0000000000000000
-215.5173910310141423 0.0000000000000000 995.6750728090358962
-191.2228616245673720 0.0000000000000000 989.7779683569091276
-166.9283322181206017 0.0000000000000000 983.8808639047823590
-142.6037481155202613 0.0000000000000000 978.1094238551265789
-118.2700044117025300 0.0000000000000000 972.3762818407585655
-93.9362607078847986 0.0000000000000000 966.6431398263906658
-69.6025170040670673 0.0000000000000000 960.9099978120226524
-45.2687733002493431 0.0000000000000000 955.1768557976547527
-20.8969266347822682 0.0000000000000000 952.2377594718245746
3.5841068425857721 0.0000000000000000 957.3052045756204507
28.0651403199538088 0.0000000000000000 962.3726496794164404
52.5461737973218490 0.0000000000000000 967.4400947832123165
77.0272072746898857 0.0000000000000000 972.5075398870083063
101.5082407520579295 0.0000000000000000 977.5749849908041824
125.9892742294259733 0.0000000000000000 982.6424300946001722
150.4703077067940171 0.0000000000000000 987.7098751983960483
174.9513411841620609 0.0000000000000000 992.7773203021920381
199.4323746615301047 0.0000000000000000 997.8447654059879142
224.2116530592629715 0.0000000000000000 1000.0000000000000000
