-290.00000000000000 1000.00000000000000 8.27272487218985
-265.00000000000000 1000.00000000000000 0.04232983567215
-240.00000000000000 1000.00000000000000 0.01732918865735
-215.51739103101414 995.67507280903590 0.00856624614546
-191.22286162456737 989.77796835690913 0.00546756728535
-166.92833221812060 983.88086390478236 0.00207859307183
-142.60374811552026 978.10942385512658 0.00110242856715
-118.27000441170253 972.37628184075857 0.00087657676258
-93.93626070788480 966.64313982639067 0.00064422788836
-69.60251700406707 960.90999781202265 0.00041420420862
-45.26877330024934 955.17685579765475 0.00018468497370
-20.89692663478227 952.23775947182457 0.00006752436725
3.58410684258577 957.30520457562045 0.00005948144521
28.06514031995381 962.37264967941644 0.00005143852318
52.54617379732185 967.44009478321232 0.00000961650389
77.02720727468989 972.50753988700831 0.00000810532966
101.50824075205793 977.57498499080418 0.00000659415543
125.98927422942597 982.64243009460017 0.00000323990503
150.47030770679402 987.70987519839605 0.00000259303040
174.95134118416206 992.77732030219204 0.00000196280070
199.43237466153010 997.84476540598791 0.00000151365270
224.21165305926297 1000.00000000000000 0.00000285104333
224.21165305926297 1000.00000000000000 0.00000285104333
